19
23
10411
729
110
781
390
138
141
37
51
97
1224
237
602
785
1202
458
7
303
187
16
321
100
3
703
411
599
177
657
3357
13660
38
7
96
3122
1216
522
238
223
422
2627
29
923
220
2970
69
9495
3475
760
62
367
198
120
663
8994
7
7
512
49
459
2405
77
4477
425
513
493
13171
61
39
261
1816
331
855
907
67
136
85
256
110
265
291
1025
98
519
43
243
12
2
3
190
477
1250
43
24
969
685
567
2085
5
1049
239
149
542
424
787
7707
479
32
276
874
69
1332
14
1131
2504
360
278
819
3
292
1049
1154
273
565
467
26
64
11
60
459
151
156
83
1157
671
6702
19
1112
2
335
150
45
43
2980
5376
88
67
130
134
446
169
4025
3984
1588
5492
287
387
535
131
1079
378
13
91
16
14
626
1651
333
594
5
2
1
147
4
307
50
163
474
2487
205
22
140
404
523
118
7
234
121
86
672
2080
34
75
157
214
1
322
1071
5
148
1055
1343
1100
12
206
268
299
63
14946
26
404
16
175
1339
500
192
1447
542
749
191
49
846
537
464
1365
363
76
571
1568
19
131
572
1180
3645
2131
27
146
28
274
116
213
208
32
146
352
733
352
41
3008
186
22
1095
5267
18
87
187
97
2053
16
999
704
719
343
1
689
106
3198
1119
951
937
401
2945
3058
121
75
319
187
6699
231
16
31
454
36
544
8201
3950
2991
61
15
608
98
3044
474
87
699
5503
2645
279
36
140
101
1195
5
1338
222
881
2562
1536
28
293
909
54
1426
4
1695
44
3252
186
1360
1412
3
378
84
602
233
178
33
2753
525
1365
2981
64
255
1124
1119
151
3
96
35
778
44
284
74
187
210
1394
426
88
64
154
212
5023
1847
39
13
1970
52
2390
198
76
96
5256
3921
111
61
80
2
1319
232
922
1702
49
151
12
356
3061
1762
104
1237
8
36
3
40
340
78
82
12251
113
2
11
5268
139
1620
110
56
197
577
2
1749
5780
58
2
519
10
107
918
157
1054
2921
2055
84
10
6018
88
10
918
128
9088
290
153
662
68
2137
272
89
102
792
186
1986
57
664
144
2613
155
238
842
5810
4
673
935
118
137
6096
245
525
7998
101
51
600
270
121
78
12
31
405
1845
16
796
64
237
475
314
262
3
1415
94
15064
1371
1557
1269
20
95
1536
124
147
380
1106
555
1245
138
502
322
13
22
2984
707
717
1839
2345
34
197
11
3561
47
7
818
262
283
370
264
3
1343
128
908
48
1337
1644
6159
92
22
42
202
3075
175
1411
444
101
61
56
4
13
4
59
140
10509
35
351
1853
196
140
19
36
464
194
870
1
3529
972
208
1960
544
236
5417
136
461
15432
80
16
1728
184
59
566
221
240
101
68
588
45
135
366
6795
60
67
206
5
12
970
687
438
8
386
336
2654
6
1572
5
67
115
58
608
4178
51
463
2086
87
55
1
1284
1159
3965
116
849
1
98
45
10
31
50
491
64
2223
2736
6023
2
149
97
14
826
1716
8528
106
1923
230
223
17604
1766
2195
117
1371
492
797
2511
158
1855
142
1726
1320
233
284
153
67
18
186
1786
400
460
409
269
131
180
1356
2335
1740
77
382
43
833
727
1179
69
624
350
314
38
1108
3
4819
113
269
327
275
101
437
734
1309
4871
1016
7081
52
6
161
440
798
224
12
9861
336
790
574
459
306
1358
59
355
1993
700
2583
200
29
2165
184
66
300
121
179
1053
157
117
202
408
52
2642
668
109
1354
1365
3096
289
209
1183
714
130
134
1723
610
12
5362
401
1651
11818
1807
202
221
10752
1653
89
84
1527
585
1806
82
173
1045
982
5409
1141
2129
43
1326
506
10
120
24
309
476
252
854
440
130
884
152
135
8971
1496
820
806
273
36
221
477
110
63
56
8811
1690
899
5340
45
322
2302
684
20
392
250
417
2279
85
8
1285
129
10142
3728
580
755
494
29
110
150
882
772
167
1949
36
1481
539
3492
29
184
2062
103
592
4357
1988
444
134
17
78
436
962
1408
3717
3299
11
33
706
188
294
489
588
2
6
1894
204
86
87
2685
493
245
2384
1580
5934
2
15
221
569
3305
18
4535
72
640
123
626
4728
11
1017
34
337
630
36
750
132
594
14
15
326
14
1
600
67
544
5
240
4
64
209
13
25
1290
284
2816
25
14
158
6777
133
450
842
267
117
1199
14
99
474
2104
17
62
330
37
45
110
692
914
1604
1071
22
39
8951
1647
278
1746
1947
1923
254
184
245
851
157
7
1072
915
79
38
40
2835
335
597
259
361
778
51
47
409
2247
1514
1161
112
8
2027
122
1680
541
1
1816
151
367
610
361
129
80
345
1149
53
1111
925
615
219
603
25
1021
139
641
437
131
18
1206
2400
234
1562
232
2373
55
39
17
40
11
1759
391
1253
12
416
69
2
13
22
215
37
17
45
13
72
1840
57
1215
67
20
12184
119
5
189
51
134
963
269
1506
174
301
7
96
1371
