59
80
137202
5299
678
5656
2490
716
642
113
202
373
9046
1189
3866
5496
9460
2752
17
1663
933
42
1877
558
8
5215
2249
3801
884
4635
33405
194272
146
28
436
30012
9417
3423
1249
1186
2670
25086
112
7060
1201
28551
311
120845
33201
4976
293
2254
1038
611
4516
115054
21
34
3262
188
2976
21377
357
47590
2886
3239
3140
186663
233
164
1425
15449
1792
5932
6330
314
792
353
1540
601
1454
1619
7658
514
3282
147
1332
54
9
5
1081
2975
9495
187
99
7298
4653
3568
19054
11
7562
1327
745
3437
2673
5620
97498
2884
154
1590
6812
290
10593
53
8351
22341
2047
1679
5681
14
1758
7413
8727
1433
3775
2871
111
240
39
249
2744
761
898
403
9071
4482
78025
76
8750
3
1826
909
149
216
28404
58471
407
258
640
559
2720
842
41687
40673
12469
60902
1849
2243
3391
648
7974
2225
58
409
60
52
4164
13593
1880
3959
17
13
1
708
7
1869
187
869
2794
22417
1082
100
635
2528
3342
697
22
1272
601
335
4397
17625
165
305
795
997
2
1858
7617
8
810
7495
10616
8437
55
1042
1648
1612
237
222028
132
2348
67
961
10301
3069
989
11224
3563
5255
1039
207
5971
3649
3156
10602
2150
306
3547
12676
126
717
3693
9599
37644
17937
106
662
78
1570
595
1056
1077
162
690
2001
4831
2031
194
28618
1026
79
8589
59644
81
397
1006
433
17393
83
7290
4512
4573
2202
1
4627
445
31289
8605
6572
6609
2394
29574
28465
611
351
1737
949
78573
1416
56
158
2844
151
3344
102317
39214
27231
281
61
3935
377
29751
3237
362
4485
60469
23845
1640
160
697
476
9020
12
10429
1105
6115
23193
12288
84
1765
6273
235
11245
8
14313
168
32369
928
10927
11413
7
2243
376
4140
1241
842
178
26029
3370
11232
28193
313
1258
8343
8641
751
8
466
135
5672
176
1552
383
1034
1130
11226
2613
482
335
835
1010
52741
15558
124
56
16583
259
20948
1042
356
476
58748
40967
464
248
460
2
10129
1443
6357
14482
214
672
42
2085
28762
14900
582
9377
29
170
7
141
2009
413
372
173897
613
2
37
58866
642
12840
587
265
1154
3601
2
14631
65348
245
6
3250
36
563
6565
850
7720
26898
17503
363
28
70610
406
27
6199
681
115605
1536
753
4518
318
18474
1501
402
485
5512
1066
16726
213
4276
793
24293
813
1330
5421
65871
18
4781
7115
489
785
68261
1278
3259
98317
413
189
4146
1398
629
356
41
103
2505
14740
73
5515
272
1134
2853
1686
1409
22
11434
445
227285
11030
12646
9975
51
416
13084
558
740
2345
8580
3713
9996
707
2986
1892
58
64
27366
4860
4828
15487
21267
98
1040
46
34036
222
10
5551
1615
1602
2387
1289
9
10570
611
6437
153
10651
13626
71970
453
76
148
1251
28152
941
11215
2848
517
185
271
12
30
10
224
627
139705
102
2073
15598
921
755
90
131
3022
1083
6049
1
35120
7609
1126
17104
3483
1341
59412
760
2916
232453
337
47
14182
1018
289
3694
1310
1243
433
294
3663
174
762
2174
81762
248
343
1120
11
51
6954
4687
2727
18
2520
1971
23340
29
12972
19
289
485
207
4060
41007
197
2764
18556
348
223
2
9892
8851
41139
629
5829
3
455
195
24
106
251
2989
269
19779
25266
69468
6
751
535
42
5522
14315
106427
502
16151
1154
1135
277199
14798
19237
587
10711
3058
5532
22933
817
15780
696
14650
10552
1342
1556
883
311
37
894
15308
2474
2981
2683
1526
592
852
9952
20231
15108
339
2173
188
5985
5055
9197
355
4296
1948
1811
164
8616
9
52534
552
1587
1956
1583
450
2608
5199
10152
53506
7398
86337
235
33
808
2581
5370
1247
36
130472
2048
5343
3795
3065
1812
10818
247
2232
17423
4926
24133
1014
128
19103
971
325
1659
634
1079
7600
930
578
1280
2441
189
23519
4942
363
10609
10529
30274
1732
1060
9005
5339
650
738
14599
3907
63
59069
2460
14022
163251
15441
1047
1136
143443
13400
476
390
12328
3763
14430
359
830
8173
7182
59211
8261
18331
132
10066
3296
33
715
76
1853
2912
1473
6092
2605
587
6421
777
704
115102
11812
5674
5921
1450
126
1112
2814
466
230
253
113020
13993
6168
59329
161
1894
19979
4503
72
2264
1454
2542
20335
425
22
10447
647
131979
37755
3938
5327
3035
76
536
696
6297
5408
834
16801
126
11402
3227
34394
113
1054
16668
460
3950
46403
18088
2923
597
53
379
2798
6803
11386
37690
32050
39
116
4714
844
1784
3251
3999
5
12
16539
1005
338
340
24215
2916
1388
21598
12843
68209
6
43
1261
3678
31713
69
49287
293
4339
664
4185
50121
56
7752
116
2063
4153
120
5144
608
3897
41
57
1923
47
6
3699
297
3556
13
1308
13
265
1008
51
60
10119
1453
26038
88
42
882
79660
658
2654
6056
1757
603
9576
52
466
2848
18702
56
213
1815
99
158
564
4731
6406
12882
8151
97
173
112147
13078
1804
15030
16378
16348
1448
855
1250
6287
765
26
7972
6761
405
187
140
26092
2089
3624
1233
2106
5219
224
173
2493
20872
12498
9165
529
34
17290
603
14316
3503
1
15034
879
2245
4050
2421
639
325
1979
8356
156
8196
6027
4448
1153
3754
79
7710
695
3950
2643
594
68
8992
22417
1191
12716
1207
21920
250
184
66
168
32
14913
2535
9771
49
2613
299
7
57
74
1067
144
119
199
32
315
15623
210
9225
338
63
170670
703
6
930
286
688
6838
1580
11797
865
1848
22
397
10594
