1.39865e+06
1.24495e+06
2.46664e+06
1.30702e+06
616371
606138
2.12649e+06
65761
1.08648e+06
145680
1.14235e+06
841725
118528
150686
1.5036e+06
1.03444e+06
880103
1.34308e+06
329691
993536
781286
22627
498693
1.08482e+06
140020
26840
307669
387964
65163
748935
1.99142e+06
3.19721e+06
184131
176332
1.19247e+06
1.3392e+06
876202
192319
2.10106e+06
339920
102039
4.75299e+06
919143
1.90318e+06
1.3791e+06
303056
1.16823e+06
666342
1.32703e+06
186682
233921
62968
446009
935015
136289
483723
1.59029e+06
351279
905440
2.67115e+06
226728
319829
3.32312e+06
1.41109e+06
540478
547756
471016
363365
1.03804e+06
1.07199e+06
25679
76657
783842
2.81153e+06
120492
738265
2.63723e+06
1.06097e+06
61970
930101
134019
1.64428e+06
555554
439985
1.77985e+06
460403
134697
1.04394e+06
811172
2.18031e+06
1.02439e+06
979663
180443
3.97148e+06
2.81116e+06
281070
45995
687855
2.15402e+06
617034
1.53694e+06
1.5616e+06
424842
603893
1.145e+06
284939
293354
495733
289647
198865
4.27362e+06
2.28522e+06
489418
886403
610286
1.33021e+06
283581
1.42593e+06
2.09966e+06
1.09991e+06
285189
1.38453e+06
80322
464003
372778
311173
1.32737e+06
269862
1.12991e+06
119046
542652
22311
928885
3.48028e+06
932894
355627
724287
205713
284922
28667
25100
1.83637e+06
1.39619e+06
220323
331258
988012
3.00278e+06
345113
1.20441e+06
1.16212e+06
1.05618e+06
38401
919168
261365
145792
718801
143920
578613
59021
768778
814485
1.22413e+06
1.43552e+06
3.24332e+06
3.56573e+06
653080
185737
1.85786e+06
444759
3.08136e+06
710407
172001
554061
779743
1.07602e+06
1.42768e+06
650251
1.77894e+06
241106
451117
1.15646e+06
208655
71796
1.44848e+06
1.53253e+06
1.07526e+06
167752
1.39134e+06
385977
35033
473140
9.61727e+06
343070
430595
709682
263293
741522
255771
427381
211359
1.78012e+06
78737
99005
349502
17631
1.36984e+06
2.75665e+06
2.0842e+06
2.85799e+06
962881
499419
3.01129e+06
41120
137107
394203
421661
924556
569408
244738
8.59433e+06
691690
3.42194e+06
213339
2.59431e+06
102822
1.27079e+06
66723
630597
1.57232e+06
621946
1.2475e+06
390815
211111
1.52192e+06
1.14501e+06
988378
161933
3.69576e+06
971576
756011
1.48064e+06
26475
1.52589e+06
900884
445889
380400
644182
43821
244346
494128
2.70683e+06
101322
2.70963e+06
2.76414e+06
307804
78702
705814
2.25971e+06
1.12425e+06
461591
711921
404476
662331
237620
1.74792e+06
766850
1.95618e+06
290438
529640
3.4797e+06
2.33714e+06
431012
108255
1.52307e+06
100697
5.46405e+06
1.40979e+06
2.56436e+06
439613
2.07273e+06
1.48735e+06
499315
2.43471e+06
1.17321e+06
190822
1.25382e+06
1.30577e+06
699750
1.34268e+06
2.43018e+06
366615
155388
405353
2.72896e+06
1.35195e+06
1.82075e+06
1.83409e+06
452075
276805
513711
1.38633e+06
2.12061e+06
124969
143788
294866
1.39865e+06
17032
167496
718572
1.24961e+06
162484
1.28204e+06
1.55877e+06
267351
582800
1.77535e+06
85367
104076
306404
1.40844e+06
716192
258485
332020
3.28008e+06
1.62927e+06
331291
1.23642e+06
1.64956e+06
211136
313356
653865
65556
107815
2.98879e+06
78195
111593
803854
1.04863e+06
591693
10384
622160
138640
659705
721611
109892
2.12427e+06
149195
90061
100878
815758
754949
397728
107
55374
2.84616e+06
3.75675e+06
205478
421523
301844
1.88134e+06
19950
1.28887e+06
898556
834410
712541
734366
1.20299e+06
356479
179456
889875
939593
1.80268e+06
683202
2.54557e+06
76026
99392
789571
265409
621184
1.30434e+06
781915
383725
305993
102507
1.29917e+06
296808
2.87071e+06
349982
1.05e+06
295822
1.67596e+06
1.93463e+06
1.18512e+06
680429
623923
2.73958e+06
654205
374084
993224
1.90528e+06
1.33837e+06
519671
5.8651e+06
786447
231870
341273
247834
118664
209225
1222
629614
1.85895e+06
1.09106e+06
3.24706e+06
466859
321365
161254
551488
1.58561e+06
362217
97734
799644
898628
10503
433825
1.03912e+06
608288
164978
21980
244774
1.71742e+06
629948
1.29576e+06
256946
216708
46829
603427
790418
836035
911711
988525
1.20048e+06
1.44846e+06
352089
147308
1.14612e+06
198687
776368
589768
1.0585e+06
1.06504e+06
884585
1.23907e+06
2.48089e+06
2.26162e+06
68391
3.4254e+06
669409
1.33277e+06
74555
952525
1.45704e+06
378666
178677
233231
189632
461841
2.86172e+06
773259
1.58082e+06
1.60295e+06
243645
1.56094e+06
402930
240624
7733
620787
112063
354040
836239
820533
983587
196188
433196
57563
151436
828007
42230
1.16389e+06
1.33748e+06
1.83291e+06
117088
327936
791224
526998
62187
739835
380323
408121
1.29365e+06
960548
1.30596e+06
418158
65966
120284
181924
2.76987e+06
313537
747339
234998
756800
510535
1.7727e+06
1.09917e+06
2368
92089
1.90998e+06
1.15929e+06
404873
2.03221e+06
164681
1.08012e+06
338572
1.0192e+06
629412
711949
75605
103245
2.6514e+06
1.55582e+06
684435
69504
1.3393e+06
2.16916e+06
1.95742e+06
484079
506877
31330
128005
2.64682e+06
1.90304e+06
65795
563602
541071
281919
1.80529e+06
2.38037e+06
2.37231e+06
992961
1.19997e+06
15570
370994
3.11916e+06
60819
943970
583539
2.69371e+06
384998
1.13056e+06
954717
1.65594e+06
736869
823762
809606
419752
418092
351844
215297
614695
681732
1.3168e+06
663302
49065
510390
5272
118287
535558
74258
592377
2.33974e+06
991810
2.0227e+06
29813
1.94105e+06
5.08381e+06
504391
2.85819e+06
1.65071e+06
182450
1.27561e+06
2.04708e+06
1.50673e+06
1.07924e+06
1.03962e+06
2.92087e+06
1.794e+06
194640
3.15513e+06
1.07899e+06
1.27389e+06
587768
2.19291e+06
406293
149864
1.40518e+06
218136
1.19025e+06
1.99521e+06
299193
1.7926e+06
485759
189488
559916
78821
250053
2.72797e+06
1.63941e+06
200786
558356
505663
327785
637279
128459
1.747e+06
95899
898869
135606
2.41711e+06
7719
771829
242653
1.37766e+06
1.09665e+06
1.57062e+06
150485
355728
968121
1.15609e+06
1.0984e+06
1.18328e+06
1.27112e+06
60787
3.60067e+06
644090
582827
147845
43625
2.94941e+06
824662
1.64815e+06
1.02994e+06
1.34905e+06
993583
987263
193323
2.04235e+06
832160
888683
1.20732e+06
1.54565e+06
1.03948e+06
867825
983330
63717
786974
2.03664e+06
1.07618e+06
3.02667e+06
3.47832e+06
548373
341867
219087
127425
1.8449e+06
203326
137041
349238
657829
81308
1.74565e+06
756865
143842
159125
5.93084e+06
376973
307217
468300
1.95083e+06
3.10508e+06
436005
362169
218644
357932
2.80381e+06
1.1722e+06
1.33631e+06
3.54339e+06
540323
126175
745397
1.76114e+06
743542
215508
2.4349e+06
242377
1.09829e+06
1840
830248
470067
4.07108e+06
1.09012e+06
3.44446e+06
2.65235e+06
3.28101e+06
1.46588e+06
64152
145816
1.57442e+06
1.67504e+06
1.01363e+06
82488
1.92594e+06
2.48974e+06
1.51851e+06
660373
117404
1.42205e+06
723403
1.15506e+06
642002
1.51092e+06
1.02811e+06
2.1285e+06
1.0149e+06
1.02733e+06
2.1937e+06
1.03791e+06
4.44278e+06
776979
734856
1.94499e+06
166146
108040
1.00464e+06
553410
24365
14221
1.1842e+06
168070
3.89356e+06
964656
3.01242e+06
122116
1.20868e+06
151301
449691
1.18505e+06
307299
145741
1.84405e+06
55459
1.56462e+06
874184
2.04513e+06
1.37352e+06
1.24307e+06
220627
1.28321e+06
1.67298e+06
1.37423e+06
534082
1.60977e+06
1.79767e+06
1.33907e+06
1.63126e+06
3.57093e+06
781509
2.88609e+06
1.27038e+06
540097
2.04733e+06
94105
114434
209224
1.70502e+06
360261
995694
36291
688940
4.2471e+06
430773
2.18743e+06
2.30079e+06
922129
12756
485508
471357
3.072e+06
536297
1.36864e+06
1.41317e+06
62714
748392
2.79007e+06
302635
213594
1.68745e+06
1.91232e+06
21513
515395
113322
1.46716e+06
1.42038e+06
1.17312e+06
156193
718927
486431
484261
1.95294e+06
754716
116987
789316
397432
296768
299439
563214
248754
480416
813917
2.69428e+06
1.63857e+06
3.79673e+06
482519
920007
814531
319142
1.78636e+06
1.52544e+06
96496
26651
225177
774213
109379
2.27886e+06
267053
2.41635e+06
3.75925e+06
129722
886290
772964
480793
176349
386070
324476
134807
122173
1.08104e+06
1.55287e+06
2.90643e+06
1.52746e+06
1.06436e+06
118776
481082
646331
516946
294184
490308
1.36195e+06
391
1.69795e+06
1.24937e+06
216205
714511
782389
1.15839e+06
139082
599223
1.42323e+06
995477
296551
825493
2.27329e+06
252094
172596
547778
47250
334182
719463
1.10563e+06
1.50042e+06
389822
762346
813581
3.33787e+06
1.26259e+06
301167
909152
494321
3.5979e+06
2.20785e+06
86938
454989
1969
913931
2.70032e+06
1.3351e+06
2.41052e+06
751268
1.843e+06
1.56288e+06
263220
190300
252056
432118
6.24273e+06
834615
4.0834e+06
358041
689657
758774
1.25306e+06
92164
691671
192920
1.65374e+06
149796
274689
691444
372836
850903
660133
1.17301e+06
938408
563152
741023
1.73041e+06
178070
1.26558e+06
100719
25537
2.06363e+06
640843
1.33444e+06
1.26103e+06
1.94212e+06
627067
4194
1.20136e+06
96542
2.14197e+06
1.12273e+06
227615
499466
1.91495e+06
147696
1.98145e+06
834807
468772
556248
102416
314981
400317
2.35382e+06
739314
185608
506356
795926
1.01003e+06
4.35836e+06
1.22372e+06
162539
789492
1.29671e+06
2.20621e+06
681836
332804
285192
5.16778e+06
637648
822141
1.32047e+06
1.04387e+06
246848
1.03035e+06
24786
396533
2.72025e+06
621034
105487
127214
351857
1.85189e+06
1.9982e+06
1.14994e+06
1.09741e+06
2.83969e+06
1.92133e+06
247497
1.57684e+06
394132
