30
2
2
13
2
9
8
29
1
1
10
4
10
81
2
1
3
25
43
4
194
3
110
2
34
16
1
2
10
13
3
7
47
1
47
7
8
4
4
2
58
1
1
1
13
19
2
1
2
54
12
1
16
15
27
3
2
37
24
10
117
9
1
445
28
7
4
2
6
9
76
12
1
1
2
16
18
10
1
2
1
1
15
141
1
12
1
85
4
1
2
5
9
3
6
2
2
10
3
49
5
18
4
12
11
6
30
17
5
3
7
193
89
1
14
1
8
2
1
118
1
20
71
7
6
2
3
7
2
13
8
8
14
7
4
3
2
11
5
14
1318
11
1
1
1
7
30
176
3
1
1
4
17
41
53
14
63
2
662
9
25
1
18
1
9
29
79
56
1
1
3
8
3
4
31
13
30
2
2
427
7
26
6
2
22
9
34
8
6
8
184
1
2
51
28
3
25
7
6
11
3
35
20
19
1
5
21
41
3
8
2
10
8
173
6256
23
3
160
38
2
14
6
630
66
12
2
53
19
7
3
11
7
1
32
2
15
6
32
43
24
1
2
34
31
3
209
11
3
4
10
6
13
5
2
18
8
7
1
2
3
13
55
5
16
927119
6
1
31
22
2
122
2
1
63
45
5
1
10
55
7
3
25
2
14
10
1
13
1
2
3001
6
1
6
3
1
5
160
29
2
1
25
16
1
22
8
1
28
3
2
1
1
1
1
1
1
20
1
36
2
6
70
1
32
15
4
1
1
4
1
1
37
97
9
6
26
19
62
23
5
928
27
104
1
4
8
33
1
2
8
4
10
10
149
19
5
16
1
648
3
4
2
43
2
13
3
6
3
11
46
10
7
2
1
9
8
145
63
13
4
4
48
1
15
3
1430
5
2
12
4
4
17
2
1
18
19
124
91
1
25
7
7
31
62
8
4
182
6
12
79
2
4
1
29
6
50
3
2
2
21
1
4
21
2
10
34
1
9
7
6
5
481
6
47
9
25
17
1
5
21
87
2
6
169
4
1
6
12
1
48
1
65
61
1
57
49
2
10
4
5
8
1146
30
2
1
8
6
1
11
5
153
9
3
2
7
11
4
77
60
2
2
6
10
1
4
19
137
1
3
5
1
50
6
44
29
1
1
137
9
33
3
28
10
10
202
3
3
6
4
2
12
77
11
1
4
17
12
12
57
24
134
3
44
7
19
32
19
1
6
5
18
100
311
1286
10
2
1
2
38
4
3
3
2
3
10
3
5
48
1
13
91
2
1
171
8
13
104
2
2
26
5
10
53
40
1
647
4
6
2
15
2
3
1
3
1
11
4
33
19
31
18
6
52
35
17
19
1
13
2
9
18
251
9
4
4
10
80
50
29
5
29
3
76
11
2
1
5
3
21
2
10
341
39
1
1
1
432
49
63
2
13
55
1
11
17
969
40
2
1
1
1
1
15
1
11
2
12
8
9
1
4
10
12
10
1
11
3
2
5
2
3
10
2
7
8
6
225
16
2
9
1
315
21
39
4
2
76
49
2
10
11
23
4
3
1
12
6
13
30
1
3
1
2
60
9
2
167
2
5
2
79
40
13
9
11
2
28
3
4
17
2
3
1
43
2
3
255
1308
220
21
19
21
18
3
2
2
7
1
24
1
27
37
25
50
2
45
3
8
554
23
15
3
42
1
1
7
23
2
14
3
1
20
10
51
2
2
75
12
2
1
54
5
5
1
4
23
2
27
9
7
11
16
1
38
8
44
18
14
7
28
892
19
760
6
1
13
6
1
18
80
1
58
3
13
62
10
13
34
128
20
61
5
2
3
14
7
2
34
5
12
8
43
3
1
16
1
47
14
1
7
3
106
21
7
29
53
57
1
3
1
16
13
1
1
2
1
430
12
619
4
7
262
2
13
14
1
5
16
57
2
1
2
1
171
7
116
308
1
9
12
4
41
2
2
3
7
5
15
10
7
1
52
7
1
6
98
25
1
2
5
82
7
22
28
1
1
5
2
2
1
95
107
2
46
4
4
9
3
3385
2
1
9
29
17
9
4
5
2
21652
2
14
6
3
189
7
2
2
4
9
30
4
5
34
30
20
7
2
10
3
2
20
4
23
1835
4
8
9
32
1
43
110
1
122
92
1
11
3
36
3
5
2
14
1
2
1
13
15
52
5
3
10
7
16
17
1
1
7
9
164
17
22
91
48
4
4
11
1
132
3
4
18
22
3
3
71
1
16
1
11
2
331
15
6
6
76
18
3
1
1
4
138
6
7
1
2
7
1
252
2
4
13
