286
121
298
16
231
208
1
7
6
15
4426
185
7
1188
262
14
360
56
394
41
51
184
58
12
2
55
14
197
324
241
962
39
110
78
2
181
6474
132
55
5
127
472
17
91
13
21
27
36
36533
13
199
145
1
62
9
121
14
58
4
15
202
4
1
18
75
24
527
11
261
3
566
7
292
102
69
2
752
16
98
84
57
281
2
1643
37
2
117
321
2909
53
1665
24
31
3
11
3
34
6323
129
36
1
8
15
17
6
1106
513
1
3
980
3116
4
8
1538
87
53
2229
39
26
14
20
68
9
74
673
3
46
4335
1243
5
10
231
647
103
7
6
27
3
49
1105
5
9
104
10
9
358
26
845
2
2
36
184
231
74
147
838
686
893
2
3
10
1
2
76
82
35
13
172
47
31
214
160
32
2
12
60
475
10
465
9
5557
552
8
3
144
77
2
29
48
806
182
77
44
11
11
4
1
27
32
886
9
686
37
6171
12
3
104
10765
252
1409
10
3
145
41
11
33
190
56
6
4998
55
249
91
327
114
162
30022
180
201
19
133
94
349
80
700
93
145
14
71
16
4487
8408
91
6
5
712
1762
169
469
13
99
56
79
44
23
123
10
72
137
35
12
1
23
54
102
43
481
85
84
13
47
131
17
1276
7
7102
574
24111
4241
2
31
40
168
20
2
67142
4
37
3
4
77645
174
18
232
51
11
138
1
611
829
4
70
64
3652
386
590
101
139
126
30
34
1528
15
44
579
67
34
5
1036
21
60
4
197
9
341
3280
140
2
106
12
2
51902
67
88
12
78
3
15
5
113
1075
4
25
121
59
282
87
2
129
5
16
18
3
38
704
58
7
9
95
10
85
51
85
58
51
13
2468
3
13832
39
245
927
709
9
1
2831
36
113
1072
3202
3
122
178
126
11
7
22
18
13
118
420
325
128
81
414
127
835
6842
511
2345
118
2
331
32
10
151
31
26
21
889
60
89
6
1409
9
12
270
9
509
2
24
239
83
15
460
46
48
2
2962
957
2071
930
108
56
17
5
1157
9
281
571
28
322
3
15
1
50
11
171
1801
59
91
37
2
27
40
84
19
711
92
314
28
26
10
2
1988
34
17
306
62
12
2471
91
3
12
72
1
450
2
369
476
5
36
37
348
133
85
894
5
29
4421
4
2734
22
70
6
20
6
356
8
3
64
18
175
885
1
234
1820
65
477
2
66
10
124
14
306
3108
12791
4
47
6
156
94
73
7
46
27
8
281
25
41
4
276
6
38
11
59
4
2
40
184
885
264
1829
147
223
4
31
60
49
35
746
59
503
672
32
195
3
10
4
156
3981
15
697
975
29
63
12
6
38
83
24
7
61
39
25
3104
1159
45
30
7916
23
2168
1557
15
9
972
55
61
112
34
6
6
49
11
1280
458
156
30
11
460
743
362
123
43
437
27
19
169
225
73
87
1914
62
77
26
514
40
187
88
69
58
4
17
327
2
18
2244
14
317
4
27
3
46
61
17
347
430
286
105
128
17
100
9
85
20
4
13929
2
22
1
15
6
68
61
3309
176
85
13
5
96
27
182
2
53
6
108
144
17
4
1
102
18320
1
65
113
1222
2
8750
2
33
79
4
190
224
68
4
2555
3
902
1
67
14
133
76
5111
19
1955
15
1
1310
9
5
721
709
29
241
136
6324
5
9
142
1137
5346
16
70
10
3489
3185
1238
76
239
2300
5
59
4
876
161
15
16
65
31
107
25000
757
4
13858
615
10
162
43
10089
346
50053
1333
13
42
270
3
37
2
77
17
251
1382
89
8631
66
55
889
18
489
1
30
102
201
342
180
481
21
40
667
134
470
17
411
88
5
6892
4634
17
11
879
204
7
3
15
21
26
38
1271
164
11
1
1
46
80
172
2
38
5
7393
181
7
166
599
89
73
1
78
16
153
7
2
323
102
51
13
18471
1393
21
2
1900
46
1
74
1093
53
757
395
9
4770
10
127
15
4
80
4
37
4
69
180
17
23
5
132
732
1
15
1
26
12
37
42
21
1705
327
74
33
2994
949
7
3
2
24
38
103
404
205
115
1749
14
7
454
640
2
1093
2
40
173
4
618
606
1
23
2
9200
39
21
4
5
19
3
14
4
64
2
2
1
44
192
36111
34
150
22
371
15
536
213
13210
7
447
4
264
7760
171
30
31
44
23
90
24
26239
1172
4
172
1526
1
61
31
37
20
8891
58
339
4
590
1625
24
26
7485
134
24
5
1056
66
1
62
16
248
3725
101
1431
309
22
255
17
1005
284
66
63
8
4
51
56
68
433
8
42
1141
5
60
63
198
5740
427
68
202
1
12
679
86
1
13
1
17
62
12049
4
11
152
109
19
1238
18
1646
663
2234
365
6849
9
