1423
1219
2437
1309
645
613
2159
63
1115
126
1139
839
115
144
1475
1072
868
1350
329
1032
764
16
498
1093
136
26
305
424
73
707
2005
3167
156
203
1148
1368
844
196
2113
322
106
4841
900
1983
1407
289
1198
692
1312
153
231
71
468
902
116
472
1597
349
925
2736
238
322
3345
1451
565
562
518
368
991
1025
26
82
782
2745
109
718
2674
1049
63
938
131
1630
564
448
1778
449
134
993
810
2157
1056
973
205
3955
2890
294
31
712
2210
639
1585
1598
431
645
1163
279
302
493
283
220
4289
2309
481
901
614
1276
293
1367
2040
1071
307
1356
79
510
366
292
1311
268
1148
133
532
17
973
3476
931
365
744
210
255
35
26
1834
1332
229
353
1016
3001
340
1190
1142
1091
37
933
236
137
720
134
566
65
757
852
1233
1460
3279
3481
698
177
1838
447
3173
753
191
532
787
1077
1331
656
1775
240
452
1133
189
75
1456
1595
1030
162
1405
394
30
464
9607
359
416
700
269
752
229
443
205
1768
74
98
346
17
1371
2817
2056
2956
1003
489
3019
38
159
361
419
919
574
259
8391
696
3421
222
2511
87
1270
68
660
1537
602
1206
388
212
1537
1172
980
164
3700
956
759
1429
26
1508
872
425
351
637
30
263
500
2733
91
2753
2774
290
105
734
2243
1089
452
713
427
674
250
1755
764
1929
290
510
3390
2312
417
116
1474
109
5562
1406
2536
470
1946
1476
517
2369
1188
202
1294
1316
678
1440
2403
358
138
404
2689
1352
1924
1915
456
282
530
1402
2168
118
136
280
1444
25
173
705
1239
156
1330
1595
263
539
1811
92
104
289
1468
721
245
338
3394
1595
340
1252
1647
185
320
688
68
114
3021
79
96
792
1011
624
10
602
133
687
726
124
2058
169
72
95
842
737
423
1
47
2813
3700
221
420
283
1859
18
1263
922
855
699
720
1179
344
199
951
932
1816
675
2495
88
101
830
255
609
1349
781
373
306
93
1316
307
2863
334
1024
313
1747
1949
1192
609
619
2734
646
377
953
1892
1340
555
5896
784
233
330
258
132
193
2
634
1898
1128
3227
539
313
165
563
1582
359
87
799
906
14
429
1041
632
157
19
244
1791
645
1303
233
227
45
611
797
815
899
1002
1127
1494
387
136
1106
183
785
603
1052
1077
883
1296
2499
2204
75
3470
728
1327
73
897
1448
396
199
237
196
500
2820
748
1588
1571
251
1568
435
243
11
624
109
388
853
817
936
202
460
70
158
858
40
1162
1342
1831
118
317
794
552
51
739
371
388
1311
965
1308
403
69
116
188
2782
314
780
245
788
564
1739
1081
2
90
1908
1159
376
2087
147
1092
329
1002
600
784
69
103
2623
1566
690
73
1354
2217
1927
461
474
43
140
2578
1974
64
535
597
304
1773
2375
2378
983
1218
17
376
3119
57
908
573
2656
377
1124
955
1617
726
816
821
437
428
345
211
625
682
1298
686
52
503
3
93
534
82
637
2428
1005
2037
32
1949
4902
487
2875
1647
202
1222
2066
1547
1086
1039
2904
1804
205
3106
1019
1347
562
2144
396
126
1341
206
1198
1998
278
1879
500
206
563
78
218
2703
1720
226
550
525
370
657
119
1782
100
841
146
2423
8
767
281
1384
1099
1552
150
370
976
1103
1081
1126
1272
57
3651
639
575
139
45
2956
822
1634
1043
1376
1009
1021
180
2031
856
928
1207
1517
1086
853
1028
71
705
2065
1038
3070
3490
543
320
241
136
1805
223
143
351
665
76
1722
775
142
155
5901
385
316
437
1939
3124
460
344
202
362
2839
1145
1396
3589
554
129
748
1714
735
230
2456
269
1156
2
866
431
4038
1145
3486
2678
3285
1464
70
148
1558
1635
998
83
1944
2472
1592
661
123
1460
716
1172
643
1487
1104
2064
960
1016
2174
1038
4403
823
715
1946
188
105
982
557
33
18
1172
153
3885
945
2932
131
1213
158
456
1186
318
129
1807
45
1576
838
1993
1361
1251
234
1271
1752
1341
544
1584
1837
1335
1598
3562
799
2825
1280
556
2057
90
118
242
1698
386
1042
34
728
4235
402
2269
2252
925
11
474
488
2987
509
1413
1326
52
724
2785
316
204
1691
1947
22
502
114
1537
1451
1183
171
777
520
503
1892
767
136
783
406
267
305
585
236
446
830
2641
1661
3920
435
920
823
310
1705
1542
92
27
229
752
124
2202
233
2450
3794
119
915
764
471
171
381
351
134
117
1024
1518
2830
1560
1064
111
510
612
505
320
484
1345
1
1748
1267
232
678
771
1187
142
583
1431
1006
318
872
2279
262
193
557
52
323
772
1113
1492
363
775
809
3369
1329
310
896
490
3661
2232
88
440
3
909
2700
1361
2453
796
1831
1549
237
180
238
413
6232
815
4247
370
704
804
1280
79
714
213
1624
151
260
680
402
850
659
1164
903
576
763
1745
192
1269
94
28
2103
645
1330
1236
2000
646
3
1213
99
2195
1173
251
468
1984
145
1998
819
459
560
120
297
392
2356
787
178
503
793
1000
4265
1168
148
781
1335
2162
652
302
285
5096
614
822
1360
972
256
1064
27
385
2668
545
107
146
371
1847
1985
1156
1120
2773
1903
255
1520
365
