31
2
2
15
2
9
10
32
1
1
12
4
11
85
2
1
3
27
45
4
222
3
128
2
35
17
1
2
10
13
3
7
52
1
49
9
10
4
4
2
65
1
1
1
13
19
2
1
2
58
12
1
17
16
31
3
2
39
27
11
136
9
1
539
30
7
4
2
6
9
80
12
1
1
2
17
19
10
1
3
1
1
16
158
1
12
1
88
4
1
2
6
9
3
6
2
2
12
3
52
5
20
4
13
11
6
33
19
5
3
7
227
100
1
14
1
8
2
1
138
1
20
75
7
6
2
3
7
2
13
8
9
14
8
4
3
2
12
5
16
1715
11
1
1
1
7
30
204
3
1
1
4
18
45
58
15
68
2
815
10
27
1
19
2
9
30
83
61
1
1
3
9
3
4
34
13
35
2
2
515
7
27
7
2
22
9
38
10
6
8
213
1
2
56
31
3
28
7
6
11
3
36
21
20
1
5
22
45
3
9
2
10
8
203
9417
23
3
181
43
2
14
7
772
73
12
2
61
21
8
4
11
7
1
40
2
17
6
34
45
25
1
2
38
33
3
240
12
3
4
10
6
14
5
2
18
9
8
1
2
3
15
56
5
19
9.89683e+06
6
1
33
23
3
132
2
1
72
53
6
1
10
63
7
3
28
2
15
10
1
13
1
2
4104
6
1
6
3
1
6
180
32
2
1
29
17
1
22
9
1
30
3
2
1
1
1
1
1
1
22
1
37
4
6
77
1
37
15
4
1
1
4
1
1
39
115
9
6
30
24
74
25
5
1143
31
116
1
4
8
37
1
2
8
4
10
11
170
19
5
18
1
790
3
4
2
47
2
13
3
6
3
11
48
10
8
2
1
9
9
164
73
15
4
4
50
1
15
4
1845
5
2
12
6
4
19
2
1
18
20
138
98
1
26
8
7
34
69
11
4
196
6
12
83
2
4
1
29
6
58
3
2
2
21
1
4
23
2
11
35
1
10
9
7
5
570
6
49
9
27
17
1
5
22
94
2
8
189
4
1
6
16
1
55
1
73
71
1
62
59
3
12
5
5
8
1426
36
2
1
9
7
1
11
5
177
9
3
2
7
12
4
80
64
2
2
6
11
1
5
22
148
1
3
5
1
54
7
47
30
2
1
158
9
35
3
30
11
11
234
3
3
6
4
2
12
84
12
1
4
20
12
12
62
24
149
3
46
7
20
35
19
1
6
5
19
107
371
1604
12
2
1
2
41
4
3
3
2
3
11
3
5
54
1
13
104
2
1
199
9
13
122
2
2
26
5
10
55
44
1
786
4
6
2
15
2
3
1
3
1
12
5
33
21
33
20
8
55
38
18
19
1
15
3
9
19
295
10
4
4
10
88
54
31
5
31
3
83
11
2
1
5
3
22
2
11
399
41
1
1
1
515
52
70
2
13
59
1
12
18
1209
41
2
1
1
2
1
16
1
12
2
12
8
10
1
4
10
13
10
1
11
3
2
6
2
3
12
2
7
8
6
278
18
2
9
1
356
23
41
4
2
81
57
2
11
12
26
4
3
1
12
6
13
33
1
3
1
2
67
9
2
193
2
5
2
89
40
14
10
12
2
28
3
4
17
2
3
1
46
2
3
279
1691
264
23
19
24
18
3
2
2
7
1
25
1
27
39
27
55
2
48
3
9
685
23
16
3
43
1
1
7
23
2
15
3
1
20
10
54
2
2
80
14
2
1
59
5
5
1
4
25
2
29
9
7
11
17
1
42
8
48
19
15
7
29
1093
19
969
6
1
13
7
1
19
93
1
61
3
13
67
10
14
39
139
21
68
5
2
3
15
7
2
37
5
12
8
46
3
1
16
1
53
14
1
7
3
114
26
9
31
58
58
2
3
1
17
13
1
1
2
1
504
13
770
4
7
304
2
13
16
1
5
19
64
2
1
2
1
197
8
132
362
2
10
13
5
45
2
2
3
7
5
15
11
8
1
55
7
1
6
108
27
1
2
5
86
8
24
29
1
1
5
3
3
1
109
121
2
50
5
5
9
4
4670
2
1
9
34
21
9
4
5
2
39579
2
14
6
3
214
7
2
2
4
9
32
4
6
37
36
21
7
2
11
3
3
22
4
24
2371
4
8
11
35
1
45
126
1
144
105
1
11
3
44
3
5
2
16
1
2
1
15
19
61
6
3
10
7
16
19
1
1
8
9
200
18
26
102
51
5
4
12
2
152
3
4
20
25
3
3
82
1
16
1
11
2
389
17
6
7
82
21
4
1
1
4
156
6
7
1
2
7
1
296
2
4
13
