14117
12481
24516
12921
6081
6066
21114
646
10909
1462
11577
8426
1175
1520
14959
10328
8758
13492
3250
9894
7717
206
4904
10979
1468
274
3078
4090
629
7459
19780
31864
1795
1788
11703
13608
8702
1945
21076
3344
1035
47623
9226
19098
13916
3057
11917
6606
13371
1881
2418
648
4612
9414
1334
4893
15795
3677
9046
26633
2204
3133
33382
14018
5387
5467
4848
3625
10315
10667
268
766
7823
27908
1170
7401
26507
10701
585
9380
1335
16503
5633
4524
17789
4557
1383
10530
8084
21705
10339
9842
1808
39747
28532
2824
453
6879
21486
6285
15402
15755
4252
6151
11555
2837
2892
4925
2920
2002
42683
23106
4896
8877
6069
13248
2781
14004
20836
10910
2922
13870
853
4695
3662
3124
13309
2716
11366
1187
5401
207
9237
34634
9323
3608
7178
2023
2839
296
268
18172
13994
2195
3332
10011
29970
3452
12124
11577
10587
368
9190
2658
1436
7314
1413
5820
602
7631
8126
12293
14457
32313
35722
6507
1901
18472
4424
31234
7190
1806
5683
7936
10783
14032
6564
17805
2353
4542
11545
2139
685
14403
15300
10745
1655
14054
3857
363
4631
96128
3439
4326
7087
2714
7540
2505
4334
2113
17940
740
1041
3490
192
13714
27452
20559
28732
9619
5033
30267
437
1416
3804
4330
9258
5697
2485
85550
6754
34172
2150
25870
996
12737
667
6353
15397
6312
12358
3942
2080
15503
11586
9851
1670
36841
9714
7499
14866
275
15366
9204
4621
3697
6548
435
2449
4829
27120
988
27476
27518
3155
790
7077
22780
11057
4661
7162
4104
6534
2379
17541
7626
19525
2795
5318
34877
23304
4330
1091
15327
1039
54791
14148
25966
4407
20757
14742
4924
24562
11831
2003
12664
12911
7060
13555
24095
3594
1573
4082
27325
13611
18572
18668
4603
2709
5175
13845
21331
1246
1442
2915
14016
184
1673
7063
12475
1560
12805
15792
2754
5765
17727
835
1046
2945
13995
7106
2537
3353
33095
16373
3269
12514
16461
2024
3170
6497
646
1117
30022
850
1060
7925
10350
6173
116
6217
1382
6607
7189
1114
21263
1501
867
1000
8211
7495
3956
2
505
28356
37746
2113
4232
3088
18716
189
12772
9013
8096
7181
7272
12073
3522
1778
8975
9424
18099
6961
25405
752
1016
7854
2573
6155
13040
7875
3925
3067
1046
12847
2906
28508
3473
10528
3020
16783
19349
11838
6837
6151
27347
6536
3763
9860
19363
13272
5299
58444
7774
2514
3375
2499
1217
2072
12
6281
18403
10872
32262
4753
3233
1644
5416
15835
3558
942
8113
8967
106
4282
10424
6118
1622
235
2483
17111
6260
12906
2550
2104
467
6145
7807
8282
9102
9825
11949
14509
3413
1480
11451
2000
7774
5827
10530
10614
8827
12362
24399
22542
684
34571
6650
13230
756
9489
14333
3795
1731
2363
1858
4734
28587
7724
15876
15898
2421
15605
4055
2423
77
6295
1136
3537
8369
8088
9993
2007
4374
585
1509
8267
426
11649
13424
18356
1160
3379
7970
5208
611
7384
3693
4100
13007
9570
13136
4124
637
1205
1849
27724
3128
7529
2337
7434
5168
17711
10886
23
891
19206
11637
3999
20443
1661
11000
3476
10169
6071
7256
767
1034
26557
15678
6707
706
13591
21665
19469
4802
5002
341
1301
26523
19005
624
5619
5488
2825
18225
23966
23773
9984
11931
167
3624
31067
581
9536
5762
26742
3867
11248
9461
16321
7379
8396
8155
4262
4109
3528
2154
6076
6821
12990
6622
497
4985
39
1097
5326
755
5895
23661
10010
20222
264
19759
50476
5001
28535
16459
1827
12927
20300
15076
10800
10508
29228
17891
1991
31597
10571
12827
5755
21849
3997
1489
13915
2205
12052
20038
3061
17810
4874
1920
5544
788
2523
27282
16482
2081
5399
5180
3299
6441
1260
17436
978
8972
1315
24133
75
7612
2527
13735
10883
15679
1447
3525
9539
11464
10838
11775
12599
636
36265
6510
5825
1525
435
29347
8152
16407
10451
13632
9988
9765
1897
20385
8407
8845
12232
15244
10516
8710
9926
657
7763
20398
10893
30276
34807
5532
3389
2170
1285
18427
2007
1396
3526
6601
866
17474
7756
1486
1563
59413
3889
3135
4581
19336
30913
4392
3681
2112
3685
28003
11579
13262
35426
5387
1216
7386
17470
7384
2181
24558
2474
11179
19
8371
4716
40441
10814
34577
26522
32762
14748
663
1456
15524
16679
10177
795
19221
24795
15248
6703
1240
14182
7229
11404
6451
15115
10431
21128
10091
10026
21933
10370
44190
7810
7318
19486
1734
1076
9962
5510
244
161
11840
1701
39034
9525
30012
1211
12081
1513
4592
11932
3068
1503
18191
514
15613
8842
20054
13738
12468
2215
12754
17050
13600
5380
16161
17973
13281
16031
35532
7890
28797
12836
5496
20414
938
1143
2116
16967
3521
9921
378
6973
42704
4267
21833
23116
9239
130
4807
4819
30597
5395
13581
14067
608
7453
27986
3007
2112
16932
19060
247
5194
1126
14720
14360
11825
1595
7181
5042
4928
19504
7570
1184
7803
4052
2892
3057
5537
2517
4857
8125
26722
16576
38138
4800
9137
7997
3095
17822
15226
976
290
2330
7881
1136
22372
2644
24438
37498
1252
8803
7660
4829
1787
3821
3224
1361
1203
10754
15665
28776
15190
10633
1170
4721
6450
5249
2980
4842
13557
5
16879
12570
2156
6990
7702
11596
1426
5950
14217
10018
2917
8276
22954
2573
1784
5484
473
3260
7256
11095
14960
3927
7667
8147
33156
12579
3028
9146
5031
36123
22120
851
4538
18
9158
26753
13458
24290
7680
18333
15597
2674
1885
2551
4113
62791
8397
40797
3580
6891
7800
12578
923
6916
1990
16689
1518
2746
6904
3767
8499
6579
11675
9472
5537
7475
17338
1776
12634
1021
263
20559
6412
13138
12718
19423
6214
45
12184
935
21478
11309
2318
5004
19141
1445
19844
8405
4672
5581
1059
3178
3961
23374
7517
1849
5024
7919
10154
43748
11932
1601
7799
12937
21992
6700
3262
2857
51479
6301
8219
13257
10407
2517
10233
292
3911
27173
6184
1027
1336
3497
18474
20137
11561
10983
28187
19333
2493
15849
4033
