653
234
699
21
515
467
2
10
7
21
20295
407
8
3751
594
21
895
93
946
75
90
385
117
15
3
100
16
387
765
508
2925
68
232
150
6
396
34714
273
106
5
257
1131
22
178
28
35
40
56
484077
25
413
268
1
122
10
221
19
88
6
20
404
4
1
27
149
39
1359
16
541
3
1474
17
677
214
130
2
2113
18
229
156
113
660
3
5607
69
2
247
753
11166
97
5755
39
52
4
17
3
58
34330
235
80
1
14
26
26
9
3462
1382
1
3
2977
12652
4
18
4953
160
92
8388
72
50
17
25
131
12
130
1878
5
84
20246
3944
7
16
506
1691
213
8
8
50
5
88
3453
7
14
198
15
17
859
39
2431
2
3
63
377
491
113
306
2352
1906
2626
3
3
19
3
2
147
153
57
17
369
77
49
495
331
55
2
23
122
1189
22
1201
14
27549
1454
10
3
337
142
2
44
91
2396
339
152
83
24
14
7
1
38
44
2510
12
1873
63
32705
14
6
216
73232
572
4571
13
3
250
72
12
56
384
103
8
25023
92
556
208
827
223
344
356346
385
427
36
248
200
799
160
1989
206
285
19
124
22
21250
49027
196
11
5
1993
6350
377
1109
22
212
92
156
82
37
219
12
145
275
58
20
3
35
89
202
71
1233
143
164
23
92
265
38
4172
11
39552
1492
248349
19620
2
49
65
380
36
2
1.427e+06
5
63
3
6
1.86991e+06
420
30
508
108
14
267
1
1649
2282
5
130
108
16102
957
1538
216
289
248
46
60
5042
22
74
1565
130
71
8
2948
29
90
4
431
13
741
13705
297
2
202
18
2
894508
133
168
25
152
5
19
8
241
3397
5
41
242
124
657
175
3
238
7
22
34
3
65
2002
89
11
9
181
12
176
76
198
126
80
22
9864
5
104462
68
534
2719
1916
12
2
11262
51
224
3154
12953
3
231
379
275
12
9
36
33
24
259
1080
718
272
136
1041
293
2358
37069
1269
8841
253
2
722
45
12
313
45
47
36
2575
98
168
8
4705
13
20
595
11
1322
4
33
576
156
26
1220
89
86
3
11880
2741
7507
2659
225
97
24
7
3654
15
654
1544
46
822
5
26
2
85
20
398
6172
109
170
64
2
43
62
172
34
1872
170
764
52
40
12
2
7036
55
28
701
104
23
9222
194
6
13
139
1
1192
2
931
1220
8
50
68
818
253
136
2512
8
42
20278
11
10798
37
137
8
33
7
867
8
3
97
44
373
2646
1
532
6327
124
1267
4
110
12
258
22
734
12914
91229
9
87
6
386
182
164
12
69
41
12
704
39
70
6
628
9
65
18
99
6
4
63
381
2608
573
6397
274
510
7
58
105
96
61
1962
116
1266
1848
66
437
5
15
5
323
18003
28
1995
2836
49
101
22
8
63
160
47
11
111
54
37
12326
3685
78
52
46964
38
8313
5332
26
13
2884
89
112
216
42
9
14
92
16
4086
1124
321
40
17
1126
2029
850
225
66
1053
42
32
346
498
160
162
6549
114
167
46
1330
65
374
173
117
95
5
28
780
2
29
8080
17
785
4
40
3
73
118
27
796
1097
641
198
288
22
178
13
155
24
6
106189
2
39
1
18
10
128
111
13866
419
165
19
5
211
42
380
2
93
8
217
286
28
6
1
214
159957
1
117
247
3770
4
54037
7
68
149
4
407
494
120
4
10013
4
2513
1
118
24
276
137
25061
29
6837
23
1
4179
15
9
2049
2045
41
571
302
33193
6
13
259
3515
26887
22
122
21
14441
13328
4001
134
531
8723
6
112
4
2600
311
29
29
110
62
219
259920
2118
9
106617
1557
11
317
75
64752
795
849308
4215
19
80
609
4
59
2
162
30
559
4718
168
51489
130
92
2744
25
1228
1
63
182
465
843
342
1209
43
59
1738
269
1188
25
1034
156
8
38256
21263
24
15
2620
412
9
3
22
35
40
68
4037
358
14
2
1
85
138
390
5
65
5
41400
390
9
355
1536
182
124
1
128
27
333
8
4
772
179
96
14
161717
4362
28
3
7131
67
2
138
3345
91
2162
1035
13
23213
15
247
23
10
137
4
62
5
137
373
23
33
7
324
2057
1
20
2
36
17
59
84
33
5990
744
152
61
12274
2752
9
7
3
32
72
198
982
464
222
6193
20
10
1218
1749
5
3443
2
74
369
7
1610
1699
1
34
2
56707
63
26
4
6
36
5
26
8
107
2
2
1
57
385
472781
53
303
36
808
24
1413
421
99426
13
1094
7
606
44577
328
47
49
69
40
170
45
286706
3556
7
399
5039
1
125
45
63
32
53694
104
817
8
1541
5305
39
38
42910
244
33
5
3183
109
1
108
20
505
16264
198
4416
761
29
597
25
2911
649
114
106
16
4
110
102
133
1138
11
71
3463
7
97
128
405
29510
948
123
388
3
16
1803
163
3
23
1
23
119
85049
8
18
290
209
21
3851
31
5616
1794
8432
867
37615
18
