139522
124845
246470
130122
61005
60696
212939
6587
108643
14476
114039
84195
11855
15212
150932
103934
88284
134404
33014
99616
77546
2324
49755
108817
14048
2603
31065
39137
6601
74394
199112
319358
18214
17416
119301
134396
87495
19282
209817
33975
10258
475755
92107
190526
138496
30349
116642
66322
132937
18478
23096
6181
44388
93747
13613
48706
159037
35126
90689
267976
22564
32183
332104
141555
54121
54608
47365
36398
103480
106828
2559
7698
78463
280987
11965
73917
263693
106719
6256
92830
13548
164399
55635
43974
178126
45743
13379
103988
81098
217605
103012
98275
18094
396688
280398
28214
4482
68888
215444
61633
153880
156481
42245
60459
114894
28478
29259
49606
28924
20006
426556
228404
49092
88829
60986
133181
28494
143303
209834
109893
28633
138571
8224
46351
37051
31156
132464
26900
112731
11904
54762
2202
93287
347901
93263
35820
72277
20488
28694
2823
2419
183663
139526
22095
33167
99002
301483
34385
120442
115711
105572
3821
92171
26405
14625
72188
14331
58062
5935
77276
81249
122726
143669
325041
357370
65454
18680
185764
44435
308239
70796
17403
55423
77764
108138
142641
65062
177720
24146
45145
115759
21003
7211
145583
153452
108073
16814
139394
38649
3517
47142
961299
34080
43693
71179
26525
74685
25427
42968
21119
178494
7908
9940
34883
1768
136777
275351
208503
285753
96599
49952
301545
4033
13641
39360
42245
92104
57219
24585
857403
69252
341449
21269
259003
10214
127230
6640
62850
156601
62175
124257
38876
21083
152472
114717
98951
16194
369414
97084
75371
147854
2664
153136
89959
44643
38162
64565
4344
24214
49374
271155
10028
271467
276459
30903
7883
70936
225953
112034
46332
71283
40406
66301
23512
174509
76096
195442
28987
52777
347596
233342
43132
10834
152593
10086
546361
141072
256573
44353
207453
147915
49919
242797
117350
19068
125372
130486
70211
134547
242294
36241
15497
40394
273585
134915
181891
183580
45067
27628
51487
138489
212974
12443
14339
29321
139675
1717
16632
71627
124753
16171
128001
155513
27019
58204
178206
8491
10436
30364
140531
72154
25783
33334
328920
163621
32991
123715
164687
20982
31129
65763
6668
10639
298592
7820
11030
80218
104242
59596
1050
62159
13827
66127
71921
11001
212786
14852
8900
10046
81386
75878
39587
15
5485
284207
375622
20420
41838
30220
188260
1980
129300
89619
83533
71340
73258
120255
35821
17979
89015
94069
180079
68467
253857
7470
9922
78884
26388
62280
130795
77926
38362
30750
10125
129613
29701
286290
34908
105090
29813
167506
193602
119299
68557
62294
273697
65429
37496
99071
190394
134350
51907
585761
78478
23662
34121
24686
11953
20766
109
62866
185550
108922
324580
46687
32196
16244
55145
158518
35823
9747
80073
89810
1082
43383
103683
60672
16505
2234
24167
171543
62769
129742
25787
21684
4732
60258
78758
83803
91264
98912
119953
144643
35277
14793
114867
19907
77583
58719
105715
106406
88749
123832
248090
225765
6756
342122
66822
132876
7494
95630
145543
37991
17645
23334
18686
46384
285758
77120
158636
160854
24235
156154
40285
24162
831
61800
11250
35355
83518
81660
98203
19750
43521
5708
15138
82811
4136
116582
133901
183289
11621
32892
79107
52273
6147
74154
37802
40878
129801
95602
131283
41739
6541
12010
18280
276533
31780
74567
23565
75217
51193
176855
109771
220
9178
191100
116202
40443
203241
16336
108381
34061
101620
62878
71594
7672
10171
264751
156459
68391
6990
134551
216393
195875
48374
50679
3177
12847
264585
189794
6579
55976
53876
28137
180688
238222
237344
99320
119474
1497
36859
310916
6030
94207
57825
269635
38483
113135
95015
166201
74214
82306
81547
41791
41568
35315
21781
61595
68190
131470
66575
4899
50621
494
11712
53999
7510
59207
233738
99724
202805
2988
194864
508069
50153
285831
163740
18213
127773
204751
150268
108095
104520
292432
179440
19565
315849
107682
126974
58753
219046
40560
15024
140098
21807
118724
199257
29607
179590
48671
18844
55739
8046
24993
271977
164225
20044
55573
50626
32800
63483
12730
174225
9546
89901
13575
241399
761
77030
24316
137881
109248
157691
14994
35691
96483
115681
109920
118288
127101
6106
360728
64468
58374
14812
4364
294938
82651
163635
103366
135125
99195
98959
19345
203927
83030
88754
121358
154474
104084
87050
99177
6425
78308
203275
107856
303123
347213
54865
34476
21840
12735
184370
20343
13829
34892
66029
8325
175231
75601
14278
15942
591895
38212
30893
46628
195209
310233
43578
36603
21754
35899
280056
116604
133470
355448
53951
12587
74777
176159
74781
21576
242801
24350
110380
187
83041
46952
407894
109483
344672
265820
329156
146647
6520
14508
156815
167024
101989
8322
192395
248483
151951
66326
11825
142343
72196
115196
64542
151223
102851
211959
101659
102407
219265
103330
443593
77523
73263
194659
16678
10880
99835
55329
2413
1465
118326
16930
389669
96376
300935
12228
121110
15158
44666
118299
30590
14615
184408
5650
156477
87633
204190
137483
124513
22231
128206
167196
136769
53584
161251
180652
133863
162423
357029
78257
288158
126981
53872
204493
9382
11650
20941
170736
35959
100001
3587
68764
425553
42889
218791
229866
92261
1338
48720
47213
306995
53477
136788
141288
6156
75017
278853
30241
21419
168642
191061
2128
51477
11395
146851
142326
117920
15608
71821
48792
48470
195309
75854
11657
78974
39847
29475
30004
56328
24856
48168
81355
269497
164008
380500
48339
92277
81131
31931
178648
152209
9778
2679
22754
77843
10863
227295
26626
241707
376455
12862
88850
77274
47947
17741
38594
32326
13485
12150
108036
155308
290071
153004
106693
11879
47956
64911
51418
29479
49156
136507
34
170086
124756
21595
71440
77609
116214
14063
60023
142226
99600
29702
82519
227797
25227
17514
54393
4755
33526
71519
110397
150463
38879
76373
81812
333661
126393
30236
90985
49319
359547
221143
8688
45127
215
91411
269624
133545
240427
74965
184421
157255
26439
18805
25160
42997
623638
83298
407922
35683
68611
76313
125823
9279
69299
19337
165620
14953
27303
69020
37160
84597
66003
117370
94151
56157
74569
172977
17992
126821
9912
2535
205953
64085
133299
126402
193486
63170
427
120769
9598
214234
112690
22694
50092
191428
14816
198329
83916
46900
55565
10201
31672
40001
234773
74387
18719
50540
79420
100938
435999
122134
16277
78703
129642
220047
68212
33271
28392
516219
63716
82034
132215
104771
24674
102539
2528
39445
271737
62009
10542
12691
34856
185222
200144
115055
109747
283888
192587
24764
158657
39615
