1089
331
1141
23
781
741
3
13
7
27
54633
621
15
7527
951
27
1500
122
1620
112
133
592
155
21
3
129
23
604
1229
789
5501
93
359
214
9
601
105693
406
145
6
410
1950
23
269
31
46
56
76
3.83881e+06
31
605
403
1
156
15
304
22
120
7
24
608
4
1
37
191
55
2393
18
831
3
2606
22
1057
318
172
3
3926
23
340
224
172
1065
4
11697
97
3
367
1234
26775
143
12139
55
58
4
20
3
77
105128
337
110
1
18
35
36
10
6792
2395
1
3
5785
31360
4
21
10146
231
129
19143
80
70
21
33
193
13
181
3402
5
114
54321
7865
10
21
812
3048
316
10
9
66
6
129
6864
9
14
284
16
23
1420
54
4546
3
3
79
573
796
152
471
4341
3428
4889
3
8
25
3
2
218
220
84
20
587
102
67
806
479
71
2
30
172
2004
27
2074
22
79201
2524
10
3
485
204
4
51
126
4332
485
201
122
30
17
9
2
44
63
4770
14
3355
83
98647
15
7
332
275166
925
9241
15
5
376
108
14
74
626
154
14
70196
127
860
307
1329
337
560
2.41993e+06
575
682
45
346
277
1297
223
3601
281
439
23
180
25
57753
165110
291
14
5
3569
13869
614
1907
28
326
125
232
102
47
322
16
198
398
76
30
3
44
123
297
94
2119
192
245
30
122
419
48
8391
13
125774
2713
1.43798e+06
52858
2
70
95
566
44
2
2.1812e+07
6
85
3
9
3.50404e+07
633
43
792
146
23
401
1
2894
4169
5
181
153
41498
1549
2670
334
435
368
58
70
10474
33
92
2753
183
98
8
5615
39
129
5
669
18
1193
33565
431
2
287
24
2
9.9804e+06
184
250
28
234
5
24
8
365
6740
5
55
341
184
1063
264
3
350
8
25
51
4
85
3525
111
17
12
242
17
260
98
293
184
111
29
22808
9
438357
80
846
5155
3399
12
4
26606
69
363
6109
31825
3
333
556
398
16
11
45
36
33
368
1799
1195
387
210
1781
429
4280
115273
2074
19916
375
4
1185
58
16
487
60
63
49
4935
136
260
8
9488
14
26
967
15
2350
5
40
902
230
30
2121
122
119
3
28741
5176
16852
5009
334
134
25
10
7146
18
1082
2712
55
1332
5
37
2
122
25
627
13367
147
250
80
3
50
88
242
43
3337
252
1225
67
53
16
3
15457
73
39
1131
134
25
21184
295
6
17
194
1
1978
2
1624
2043
8
66
93
1333
371
216
4718
9
55
54592
13
25569
44
182
8
37
10
1426
12
5
120
67
556
5030
1
866
13655
166
2171
4
155
19
390
27
1177
32221
368161
10
125
9
600
266
234
13
99
65
17
1171
50
107
7
986
11
101
23
132
7
4
83
605
4771
900
13717
397
810
8
78
147
120
87
3621
153
2171
3376
87
624
5
16
5
466
46661
39
3601
5484
60
139
28
9
96
228
70
13
163
77
45
29565
7248
104
70
156569
47
18446
11241
28
14
5444
119
146
307
56
11
15
119
19
8286
1869
488
48
20
1913
3594
1370
334
95
1801
50
42
537
745
225
247
14070
153
254
64
2313
87
566
243
158
132
5
33
1313
2
33
18301
25
1264
6
47
3
97
176
30
1280
1855
1038
288
413
32
251
19
237
30
7
447519
2
46
2
21
16
176
138
34624
630
238
24
6
325
48
603
2
137
11
341
432
31
6
1
303
775768
1
167
356
7444
5
185171
7
105
206
4
639
736
160
5
22835
5
4835
1
193
26
387
198
70362
39
14996
32
1
8480
18
9
3818
3780
47
904
483
99769
8
15
379
6880
76927
26
180
26
35850
33120
8127
195
859
19827
9
170
4
4912
451
32
38
158
81
318
1.53814e+06
4010
14
450842
2720
13
496
97
232493
1285
9.18451e+06
8459
21
100
992
5
79
2
226
39
885
9597
266
174026
177
128
5273
32
2123
1
84
261
720
1386
515
2121
52
79
3117
397
2017
29
1846
217
8
119072
57577
34
18
4925
603
9
4
33
42
47
94
8188
561
19
4
1
117
198
591
7
95
8
133332
587
12
538
2679
263
181
1
174
32
483
8
4
1308
258
138
16
792294
8802
33
7
15628
101
4
190
6496
122
4013
1780
17
64790
25
392
28
16
217
4
84
6
195
606
29
49
8
472
3777
1
27
5
45
21
88
117
45
12835
1213
210
79
30260
5274
10
13
4
47
94
284
1696
706
294
13178
27
11
2093
3245
5
6766
2
97
569
11
2809
3055
1
46
2
195902
86
41
5
8
41
5
34
8
153
3
3
1
81
586
3.67799e+06
71
456
42
1280
26
2473
631
409613
15
1848
7
920
143373
499
68
59
92
54
237
61
1.7661e+06
7006
8
655
10620
1
176
66
74
39
184107
146
1369
11
2743
11104
43
50
138391
355
43
6
6169
160
1
149
23
771
41372
301
8826
1208
31
935
34
5521
1083
140
137
16
4
150
150
192
1925
12
92
6901
10
123
185
584
85920
1602
182
588
4
21
3233
256
3
26
1
31
172
335159
8
22
434
298
27
7782
38
11936
3139
19306
1489
117574
22
