171
288
1.75496e+06
31388
2895
33331
12756
3066
2477
369
654
1385
59154
5324
21338
32325
61449
14589
45
7932
4031
136
9125
2188
23
30518
11322
20982
3532
26927
293679
2.75595e+06
429
87
1585
257297
62483
17977
5674
5067
13866
207189
390
43632
5491
241398
1123
1.48951e+06
289506
28413
1065
11030
4639
2345
25559
1.39144e+06
44
88
17167
669
15986
170880
1332
451292
15651
17508
17168
2.60761e+06
826
589
6518
112198
8493
35134
38574
1191
3413
1398
6942
2454
6718
7751
48930
2053
17634
432
6312
156
42
9
4795
15770
62312
553
304
44976
26175
19513
145834
43
47076
6104
3085
18109
13594
33106
1.12858e+06
15170
475
7695
42232
978
70324
183
53432
178894
10226
8181
33083
28
8254
46499
56366
6864
21209
14831
400
803
107
862
14220
3349
3830
1489
58778
25617
854141
246
57179
5
8779
3894
459
738
238602
594551
1600
897
2529
2214
13781
3625
383153
374852
88093
622095
8911
11307
18032
2732
51507
11096
175
1587
144
119
22947
96336
9191
22072
51
40
6
3140
14
9027
670
3397
14028
179176
5153
300
2637
13031
17835
2879
54
5849
2348
1318
24769
135048
534
1056
3414
4353
4
9063
49034
11
3369
47693
71719
54658
162
4643
7721
7566
783
3.28999e+06
422
12241
200
4322
68745
16207
4306
77266
19537
31349
4428
763
35410
19708
17163
72177
10672
1267
19227
90576
393
2974
19903
64151
339134
135823
373
2811
236
7505
2546
4475
4420
594
2843
9723
27731
9764
646
239929
4420
251
55672
600274
227
1426
4327
1674
131429
276
45532
25361
27157
11180
2
26471
1738
268992
56069
39704
40481
12148
250755
237368
2545
1333
8247
4029
858837
6575
150
562
14427
543
17756
1.20086e+06
356869
227943
1050
178
22059
1418
255183
17974
1312
25191
614780
193169
7504
485
2828
1845
59333
29
71401
5028
37705
185780
85178
246
8265
38127
842
78820
14
102929
573
283215
3943
74529
77940
10
11474
1414
22811
5895
3548
565
213143
18052
75996
234506
1117
5702
53460
57045
3233
16
1911
532
34010
588
7218
1484
4511
4963
76845
13908
1888
1223
3473
4477
516852
115424
403
166
123268
903
164790
4845
1347
1877
593972
377376
1895
918
1748
4
68347
6754
39378
103807
719
2649
132
9997
242128
107940
2253
62736
102
551
15
475
10143
1560
1391
2.3735e+06
2453
2
91
591476
2618
91076
2364
902
5448
19645
3
106889
684552
829
15
17499
94
2272
40761
3653
48752
221967
132386
1308
69
745120
1562
65
37782
2835
1.40767e+06
7367
3041
25751
1261
143515
6838
1472
1893
32806
4555
125839
811
24120
3441
198260
3610
6124
31042
687368
32
27357
44191
2008
3396
717671
5872
17341
1.14737e+06
1665
648
23505
6433
2838
1354
124
341
12708
107446
213
32655
921
5239
15339
8234
6659
66
78618
1701
3.37712e+06
74204
88902
66770
166
1561
94893
2261
3085
11710
55910
20175
67074
3042
15810
9440
174
240
228854
28170
27925
112174
166638
284
4538
172
301208
748
20
31982
7536
7541
12078
5866
11
71933
2408
39311
548
72586
97950
766144
1640
229
468
5676
236747
3791
77353
14431
2029
622
1055
20
66
26
775
2360
1.78988e+06
372
10398
115269
4060
3005
291
468
15661
4858
36626
1
312576
48407
4913
127793
18401
5957
599728
3080
15148
3.4721e+06
1242
150
103002
4311
1028
19489
5865
5440
1660
1134
19880
598
3195
10822
899539
936
1337
4846
27
155
42324
26896
14139
43
12873
9685
187270
83
91286
50
1122
1794
777
22643
379989
599
15075
141920
1307
875
6
65597
56415
383601
2663
35381
3
1899
592
63
344
958
15762
985
152286
207555
732733
12
2966
2067
107
32441
100852
1.2609e+06
2110
118859
5154
5064
4.38404e+06
107863
149115
2355
73788
16074
32233
184565
3579
116680
2820
105517
72012
6263
7434
3745
1262
98
3866
113006
12774
16083
13912
7190
2422
3783
66845
157336
110725
1325
10969
653
35900
28780
59297
1355
23527
9478
8706
560
56501
14
516943
2202
7420
9317
7520
1697
13477
30751
68001
530102
46448
974932
804
83
3226
13082
32055
5555
92
1.64388e+06
10543
31448
20698
16233
8567
72613
1024
11457
133504
28659
196562
4340
466
147979
4222
1176
7822
2434
4650
47771
3953
2412
5823
12514
654
191157
28979
1418
71278
69978
258341
8119
4640
58663
31381
2562
3062
106701
21095
181
597129
12449
100642
2.19754e+06
112841
4519
5364
1.859e+06
94387
1855
1551
86481
20555
102089
1446
3518
52647
44997
595114
52327
139330
447
67355
17215
106
3121
215
9038
15331
6492
36289
13636
2405
39102
3156
2874
1.39312e+06
82697
34525
35567
6709
388
4994
14966
1800
914
851
1.36572e+06
101585
38195
602353
503
9468
156192
25766
202
11385
6370
13067
158496
1557
65
70608
2808
1.66978e+06
344198
22347
31781
16115
229
2059
2950
37716
31683
3606
126389
435
78899
17181
301752
371
4590
125382
1949
22573
443047
138042
15501
2442
174
1446
15101
41514
79535
337866
275947
97
419
27501
3542
8791
17420
22165
6
20
125034
4247
1364
1147
196097
15584
6486
169641
90268
712843
8
118
5620
19679
274318
206
474958
1024
24950
2793
23632
484313
158
48809
341
9927
22842
403
30148
2478
21558
132
173
9399
147
12
20610
1131
20256
27
6132
28
935
4560
138
237
66465
6934
213194
243
94
3689
873096
2492
13482
36985
8806
2526
63152
110
1923
15095
142732
162
753
8869
338
561
2327
27001
39308
91979
52035
293
526
1.35384e+06
92179
8677
111183
121582
123002
6915
3614
5390
38247
3064
58
52139
42377
1495
646
513
217368
10104
19882
5767
10393
30133
794
606
12603
163470
88998
60555
2020
79
128459
2378
102720
19392
1
111041
3854
11536
22238
12224
2696
1283
9787
53113
426
53618
36275
25026
5332
20263
238
50396
2830
22114
13748
2207
208
58837
178734
5440
89361
5690
176518
840
604
169
600
76
108701
13141
64480
123
12989
1169
13
171
186
4861
480
410
713
107
1133
114428
802
60245
1146
212
2.3308e+06
2799
11
3885
1004
2895
42743
7446
82405
3795
9185
91
1584
71320
