35
2
2
15
2
9
10
33
1
1
14
4
13
87
2
1
3
28
46
4
236
3
136
2
35
17
1
2
11
14
3
7
55
1
50
10
10
4
4
2
69
1
1
1
13
19
2
1
2
62
13
1
19
16
31
3
2
41
28
11
147
9
1
574
32
7
4
2
6
11
87
12
1
1
2
18
20
10
1
3
1
1
17
166
1
12
1
90
4
1
2
6
9
3
6
2
2
13
3
55
5
20
4
14
11
8
36
20
7
3
7
244
109
1
14
1
8
2
1
150
1
22
81
8
6
2
3
7
2
13
8
9
14
8
4
3
2
12
6
17
1916
11
1
1
1
8
30
216
3
1
1
4
18
46
63
16
70
2
916
11
30
1
19
2
9
31
89
65
1
1
3
9
3
4
37
13
37
2
2
559
7
27
7
2
22
11
38
10
6
8
230
1
2
58
33
3
32
7
6
12
3
38
21
20
1
5
23
48
4
9
2
11
8
219
11633
24
4
198
48
2
14
7
844
76
14
2
62
21
8
4
11
8
1
41
2
17
7
34
45
26
1
2
41
33
3
265
12
3
4
11
6
15
5
2
18
9
8
1
2
3
16
58
5
19
9.98733e+07
6
1
36
24
3
138
2
1
75
56
6
1
10
67
7
3
28
2
17
10
1
13
1
2
4874
6
1
6
3
1
6
192
34
2
1
30
20
1
23
9
1
33
3
2
1
1
1
1
1
1
23
1
38
4
7
79
1
38
15
4
1
1
4
1
1
40
120
10
6
32
24
76
26
5
1290
32
124
1
4
8
37
1
2
8
4
10
11
182
21
5
18
1
869
3
4
2
49
2
13
3
6
3
11
49
10
8
2
1
9
9
178
75
15
4
4
51
1
15
6
2126
5
2
12
6
4
23
2
1
18
20
145
104
1
28
8
7
34
75
11
4
206
6
12
84
2
5
1
32
6
60
3
2
2
22
1
4
24
2
11
35
1
10
9
7
5
626
8
50
11
27
17
1
5
23
101
2
8
199
4
1
6
16
1
57
1
75
74
1
62
60
3
12
5
5
8
1612
37
2
1
9
7
1
11
5
193
9
3
2
7
13
4
82
67
2
2
6
11
1
5
23
153
1
3
5
1
55
7
50
33
2
2
163
9
37
3
32
11
11
248
3
3
6
4
2
12
89
13
1
4
20
12
12
64
26
157
3
48
7
20
35
19
1
6
5
19
112
399
1808
13
2
1
3
46
4
3
3
2
3
12
3
6
56
1
14
114
2
1
207
9
14
131
2
2
26
5
10
59
44
1
879
4
6
2
17
2
3
1
3
1
13
5
34
21
35
21
8
56
39
18
22
1
16
3
11
19
319
10
4
4
12
90
55
32
5
31
4
89
11
2
1
5
3
23
2
11
442
43
1
1
1
568
56
76
2
13
63
1
12
19
1352
42
2
1
1
2
1
16
1
13
2
12
8
10
1
4
10
14
10
1
11
3
2
6
2
3
12
2
8
8
6
300
18
2
9
1
384
23
43
5
2
83
59
2
12
13
29
4
3
1
12
6
13
33
1
3
1
2
70
9
2
206
2
5
2
94
40
15
11
12
2
30
3
4
17
2
3
1
48
2
3
297
1920
285
25
19
24
19
3
2
2
8
1
26
1
28
41
30
57
2
50
3
10
769
23
16
3
48
1
1
7
24
2
16
3
1
20
10
57
2
2
85
16
2
1
60
5
5
1
4
27
2
30
9
7
11
17
1
45
10
49
21
15
7
30
1232
21
1070
6
1
13
7
1
20
97
1
62
3
14
71
11
14
41
145
21
73
5
3
4
16
7
2
39
5
12
8
49
3
1
16
1
56
15
1
7
3
122
27
9
32
61
65
2
3
1
17
13
1
1
2
1
554
15
853
4
7
332
2
13
18
1
5
20
64
2
1
2
1
210
9
141
379
2
10
13
5
45
2
2
3
7
5
15
11
8
1
56
7
1
7
115
27
1
2
5
91
9
24
30
1
1
5
3
3
1
118
131
2
53
5
5
9
4
5587
2
2
9
35
22
9
4
5
2
55152
3
16
6
3
232
7
2
2
4
9
33
4
6
41
37
22
7
2
13
3
3
22
4
27
2735
4
8
11
36
1
49
140
1
150
112
1
11
3
44
3
6
2
18
1
3
1
16
19
64
6
3
10
8
17
20
1
1
8
9
214
20
28
105
56
5
4
12
2
161
3
4
20
26
3
3
88
1
16
1
11
2
416
19
6
7
86
21
4
1
1
4
165
6
7
1
2
7
1
325
2
5
13
