373
861
2.08259e+07
153454
9523
164658
53845
10508
8230
1041
1721
4447
324796
19758
97062
159947
336290
62150
82
31335
14085
384
36536
7025
49
148126
47201
95709
12521
128765
2.22242e+06
3.72633e+07
1146
167
5126
1.89499e+06
346234
79943
20840
19085
59812
1.45654e+06
992
224843
20232
1.74652e+06
3453
1.69328e+07
2.19228e+06
135529
3174
45841
17058
7824
120968
1.5464e+07
99
208
75704
1821
70035
1.15437e+06
4235
3.77096e+06
68445
78048
75725
3.47222e+07
2288
1661
25080
694409
33800
173119
197480
3649
11600
4263
26578
8173
25841
30173
258203
6470
77527
1245
23934
308
97
22
17390
68528
342964
1513
873
233738
123742
87725
947680
80
245568
23547
10860
81520
57639
163042
1.18825e+07
65288
1234
30238
215891
2763
394813
468
286642
1.217e+06
41582
32350
163637
67
32797
242785
304250
25914
97097
64606
1019
2258
267
2534
60083
11831
13210
4867
319254
121029
8.36672e+06
663
309630
12
35669
13906
1176
1993
1.72477e+06
5.31497e+06
5135
2738
8502
7399
59156
13044
3.09078e+06
2.99662e+06
516506
5.60803e+06
36079
46627
80241
9058
274312
45708
458
4820
372
255
105957
574298
36229
101777
102
76
10
10851
25
36369
1874
11827
59843
1.21411e+06
19080
837
8930
54495
79254
10080
148
22006
7698
3993
115119
862303
1444
3116
11829
15646
12
35556
258634
14
12233
251465
405630
292725
426
16908
29819
29678
2285
4.69024e+07
1088
51970
501
15655
387000
71091
15464
444681
88071
152299
15922
2220
177235
88999
75403
409903
43205
3902
87324
536812
1084
10149
91200
352928
2.65536e+06
872896
959
9286
583
28866
8531
16575
15773
1768
10140
38932
132656
39397
1838
1.73936e+06
15620
634
300066
5.37847e+06
634
4408
15615
5198
838840
747
238237
117889
129931
46959
2
126850
5507
1.99313e+06
303924
201061
206242
50796
1.83074e+06
1.71701e+06
8434
4284
32202
14257
8.40831e+06
25245
352
1557
61776
1470
79185
1.28641e+07
2.82003e+06
1.63753e+06
3332
467
101121
4211
1.87562e+06
80208
3922
118559
5.53859e+06
1.33853e+06
29470
1309
9348
5765
325071
68
403230
18770
188564
1.27086e+06
498959
620
32749
192160
2549
454418
32
621168
1576
2.13302e+06
14178
423172
446989
18
48085
4368
104109
22250
12514
1589
1.50929e+06
78911
434555
1.6912e+06
3404
21305
286608
310921
11090
30
6210
1464
167101
1674
27804
4452
16459
18344
441022
59053
6165
3648
12349
16461
4.47324e+06
721740
1092
441
775127
2584
1.10082e+06
17463
4056
6077
5.31051e+06
3.02419e+06
6163
2726
5609
6
383529
25832
200997
632095
2015
8965
314
41040
1.76161e+06
660078
7452
346240
218
1630
33
1202
40672
4716
4435
3.07282e+07
8164
5
219
5.26862e+06
8767
542286
7695
2669
20313
89019
4
652295
6.33256e+06
2384
47
77011
198
7480
208938
13210
256855
1.57913e+06
846181
3980
144
7.04712e+06
4768
158
188373
9633
1.57134e+07
28757
10261
120777
3967
931778
26731
4638
5832
161459
16700
792597
2402
112386
12017
1.37495e+06
12544
22567
151057
6.35742e+06
82
130914
230387
6567
11628
6.71451e+06
21799
76859
1.21283e+07
5501
1777
110302
24444
9800
4181
272
975
53975
658472
515
160259
2627
19304
66494
32473
25121
175
452949
5402
4.8572e+07
422577
526099
372581
401
4848
571011
7528
10633
48556
302872
91034
376751
10358
69244
37485
427
662
1.6365e+06
135896
133465
696109
1.11407e+06
745
16526
445
2.2997e+06
2161
50
157626
29006
29275
50955
21900
17
406219
8008
200610
1626
411273
588103
7.30278e+06
5141
597
1256
21217
1.70101e+06
13411
443987
62182
6753
1827
3002
49
136
52
2179
8050
2.13908e+07
946
42705
712274
14640
10089
761
1249
67639
17690
182895
1
2.40439e+06
255358
18397
810711
81811
22290
5.36532e+06
10713
65737
5.03639e+07
3761
350
624216
15055
3106
88528
22646
20533
5257
3549
89692
1726
10923
43791
8.90516e+06
2851
4243
17652
50
345
216417
128605
60116
92
54335
39513
1.28946e+06
192
539751
98
3173
5763
2234
105024
3.04875e+06
1727
65376
919516
4020
2634
10
363570
306577
3.0935e+06
8725
176161
5
6170
1644
132
921
2796
68913
2799
1.00458e+06
1.45214e+06
6.91543e+06
24
10434
6837
255
159363
610892
1.36537e+07
6954
744021
18825
19251
6.8401e+07
660086
978257
8083
419145
70496
157941
1.25832e+06
12502
725767
9759
647511
408411
24005
28689
13322
3915
242
14063
697565
52837
69949
59145
27369
7971
13463
374804
1.04345e+06
683548
4125
45807
1941
179297
137968
322545
4147
109137
37839
34472
1568
307171
31
4.46648e+06
7111
28648
36850
29401
5345
57100
148845
383205
4.61419e+06
242356
9.86872e+06
2523
200
11156
55266
156659
20617
224
1.91631e+07
43047
153928
94605
71093
34251
412900
3037
48320
853607
136582
1.35686e+06
15832
1271
973965
15135
3659
30746
8216
17074
252297
14006
8014
21708
52905
1842
1.31967e+06
140121
4561
402331
396744
1.89684e+06
31593
16931
318865
153842
8518
10776
651779
95934
502
5.34553e+06
52487
608376
2.78112e+07
696606
16207
19903
2.24698e+07
566028
5889
4875
507887
93025
617872
4601
12065
282322
233214
5.31924e+06
278068
899382
1237
379301
76122
261
10900
582
36466
65887
24781
180853
57880
8113
198453
11316
9602
1.55026e+07
480767
172434
177183
25231
1092
18626
65123
5885
2623
2432
1.51221e+07
614308
194335
5.3939e+06
1310
38073
1.03148e+06
122259
521
47941
24503
55350
1.04872e+06
4843
149
396826
9315
1.95648e+07
2.7054e+06
102683
157203
70550
524
6918
10333
189686
154932
12689
798550
1202
456599
75679
2.30049e+06
1012
16849
786572
6328
104444
3.67602e+06
888742
66173
8349
405
4595
65655
212669
460304
2.64162e+06
2.06068e+06
234
1167
132316
12431
35201
76701
102307
13
45
792306
14819
4298
3548
1.36013e+06
67098
24747
1.14512e+06
533710
6.65928e+06
13
268
20761
89179
2.05137e+06
547
4.01941e+06
3196
117905
9429
109882
4.11752e+06
391
257569
917
40233
105181
1134
145418
8317
99251
326
442
37609
373
23
93720
3326
91530
55
23340
45
2598
16896
352
644
371664
26605
1.49718e+06
610
221
12902
8.58702e+06
8179
56874
184076
35336
8239
348901
276
6232
65229
927648
422
2140
35171
851
1634
7669
128072
198544
545124
279021
702
1410
1.49642e+07
546775
34094
683777
765021
774228
26198
12898
19987
193348
10406
124
279378
219054
4581
1921
1393
1.54114e+06
41496
90009
21681
42080
143600
2299
1679
52917
1.09195e+06
520804
332019
6431
203
814297
7940
622219
88083
1
681983
13653
47163
102854
50447
9024
4094
38721
286634
1159
288853
180714
118478
19532
91253
558
267332
9468
102724
58824
7464
540
320814
1.21371e+06
20139
526555
21120
1.20129e+06
2492
1738
440
1719
163
668888
55952
355666
328
54067
3451
29
470
463
17312
1394
1139
2032
271
3466
710128
2420
327612
3554
509
3.00355e+07
9495
28
13907
3122
9859
221314
28644
478115
13759
36744
209
4902
403589
