1417
408
1481
25
1005
923
4
17
9
32
101220
792
16
11182
1245
30
1985
142
2159
136
163
777
191
24
3
160
27
770
1674
1040
8017
115
438
258
9
770
214703
504
173
7
528
2569
25
343
35
56
62
92
1.85445e+07
35
755
500
1
192
18
377
28
141
7
25
788
5
1
40
251
58
3270
19
1051
5
3688
23
1386
397
207
3
5559
28
429
266
198
1399
4
18062
121
3
437
1605
45449
165
18876
62
72
4
23
3
88
212935
422
126
1
21
42
44
10
10181
3349
1
4
8450
54126
4
23
15620
283
158
31365
95
81
24
36
234
15
235
4743
5
143
99545
11773
11
24
1035
4285
406
11
12
72
6
161
10107
9
17
365
17
25
1904
61
6476
3
4
88
762
1028
179
596
6203
4789
7008
3
8
29
4
2
278
264
91
25
740
118
80
1011
591
77
2
34
195
2715
35
2844
22
153821
3500
10
3
584
247
5
55
151
6156
627
245
147
34
20
13
2
56
81
6827
17
4752
96
198049
18
7
402
656671
1216
14082
16
5
460
125
14
91
787
178
16
133803
145
1102
396
1771
426
696
9.9601e+06
704
876
54
414
325
1714
265
5107
340
558
26
217
29
107404
359177
354
14
5
5118
21968
750
2621
30
400
156
295
125
51
387
21
232
517
97
33
3
48
143
381
110
2915
228
288
37
142
509
54
12697
15
261554
3840
5.04902e+06
97125
2
85
111
703
52
3
2.42922e+08
9
98
4
10
5.36438e+08
792
47
990
171
32
497
1
3987
6028
5
228
186
73256
2054
3736
426
519
459
69
81
16163
39
109
3777
221
120
10
8128
43
155
8
828
24
1610
58762
548
3
351
27
3
7.22943e+07
226
318
29
275
7
28
8
460
9937
5
63
431
222
1409
338
3
435
9
28
64
4
100
5007
127
20
15
304
19
313
112
371
230
133
33
38093
11
1.14872e+06
93
1092
7504
4765
12
4
44979
80
459
9048
55254
4
421
700
483
16
12
48
41
42
468
2335
1557
502
262
2435
555
6100
237308
2839
32711
466
5
1566
68
17
634
62
66
53
7143
164
311
8
14519
18
30
1248
19
3299
5
47
1206
281
33
2896
144
138
3
48968
7492
27353
7228
415
166
26
11
10682
20
1450
3730
67
1748
5
48
2
142
27
833
20955
171
298
90
4
61
108
296
46
4645
296
1615
76
62
16
4
24830
87
52
1510
169
29
34906
351
8
18
231
1
2706
2
2164
2776
8
78
114
1725
455
263
6825
10
65
100303
14
43196
48
227
8
40
12
1955
14
5
146
75
718
7387
2
1130
21500
200
2959
5
177
23
492
28
1530
55668
929427
11
150
9
763
313
294
13
118
72
22
1539
62
131
7
1295
12
120
24
158
7
4
97
768
6888
1154
21594
490
1074
9
88
178
147
95
5211
178
2969
4672
98
787
5
18
5
600
84445
42
5123
7896
73
169
33
9
114
276
81
15
205
92
55
50556
10830
126
83
338691
56
30034
17485
37
14
7891
135
164
372
71
11
20
140
28
12585
2530
597
60
25
2620
5116
1870
401
107
2502
54
51
694
936
266
310
22346
183
315
76
3153
101
723
298
190
159
5
36
1770
2
34
29652
27
1665
7
54
3
115
210
32
1720
2528
1352
357
519
36
309
20
301
36
7
1.17616e+06
2
55
3
26
16
218
162
59826
809
278
26
6
417
51
764
3
166
15
430
520
33
8
1
372
2.30867e+06
1
206
442
11193
5
409630
8
121
253
5
789
926
190
5
37989
6
7019
2
247
31
473
233
134901
43
23846
37
1
12811
21
9
5434
5406
53
1193
582
200308
8
15
481
10263
148956
30
213
31
62732
57638
12226
231
1110
32603
10
210
4
7078
545
34
48
195
87
383
5.49919e+06
5699
15
1.18714e+06
3799
15
630
114
536828
1743
6.39567e+07
12829
22
115
1270
5
95
2
279
44
1113
14807
318
382045
223
166
7612
35
2878
1
108
314
919
1825
639
2906
70
87
4449
490
2728
33
2491
264
10
244885
106916
40
19
7157
761
9
4
41
51
60
113
12303
722
21
4
1
134
237
728
7
108
8
280774
715
12
673
3696
326
210
1
215
37
617
8
5
1800
296
163
18
2.37456e+06
13190
38
7
24964
123
4
229
9708
148
5739
2404
18
122548
30
486
30
19
271
5
100
8
224
770
32
56
8
576
5396
1
30
5
50
24
101
145
55
20032
1600
264
88
52105
7647
10
16
4
52
104
355
2236
902
375
20943
30
12
2863
4570
6
10004
2
117
717
12
3838
4292
1
56
2
438435
102
47
5
9
48
5
41
10
177
3
3
1
94
737
1.74761e+07
81
576
55
1715
29
3336
817
1.05926e+06
21
2486
8
1205
305209
630
76
72
107
60
291
68
6.58982e+06
10412
9
819
16398
1
218
81
80
44
407097
168
1850
11
3783
17250
49
54
292184
450
46
6
9126
186
1
184
26
968
73882
384
13495
1542
38
1224
39
8069
1448
167
168
17
4
175
180
232
2543
14
99
10302
10
150
218
758
169183
2126
224
748
5
23
4585
314
4
30
1
34
210
831646
8
22
533
370
31
11820
47
18538
4343
31589
1964
241539
25
