35
2
2
16
2
9
10
33
1
1
14
4
13
89
2
1
3
29
48
4
244
3
138
2
36
17
1
2
12
14
3
7
56
1
51
11
10
4
4
2
70
1
1
1
13
19
2
1
2
63
14
1
19
16
32
3
2
42
28
12
153
9
1
613
32
7
4
2
6
11
90
13
1
1
2
18
20
11
1
3
1
1
17
174
1
13
2
93
4
1
2
6
9
3
6
2
2
13
3
56
5
20
4
15
11
9
36
21
7
3
7
255
111
1
14
1
9
2
1
155
1
23
82
8
6
2
3
7
2
14
8
10
14
8
4
3
2
12
6
17
2042
11
1
1
1
8
32
226
3
1
1
4
19
46
63
16
72
2
969
11
30
1
20
2
9
32
89
66
1
1
3
9
3
5
37
13
38
2
2
584
7
29
7
2
23
11
39
11
7
8
238
1
2
58
34
3
35
7
6
12
3
38
22
20
1
5
24
49
4
11
2
11
8
224
12951
24
4
205
49
2
14
7
895
77
14
2
62
21
9
4
11
8
1
43
2
17
7
35
46
26
1
2
44
33
3
275
12
3
4
11
6
16
5
2
18
9
8
1
2
3
16
59
5
19
9.99858e+08
6
1
38
24
4
141
2
1
77
56
6
1
10
67
7
3
30
2
17
10
1
14
1
2
5328
6
1
6
3
1
6
198
35
2
1
30
20
1
23
9
1
36
3
2
1
1
1
1
1
1
24
1
38
4
7
85
1
39
15
4
1
1
4
1
1
41
123
10
6
33
24
76
26
5
1358
32
125
1
4
8
39
1
2
8
4
10
11
188
21
5
19
1
914
3
4
2
50
2
13
3
6
3
11
51
10
8
3
1
9
9
185
76
15
4
4
51
1
16
6
2275
5
2
12
7
4
24
2
1
18
21
151
107
1
29
8
7
35
78
11
4
215
6
12
86
2
5
1
33
6
62
3
2
2
23
1
4
24
2
11
36
1
10
9
7
5
656
8
51
11
27
17
1
5
25
102
2
8
205
4
1
6
17
1
57
1
79
76
1
62
61
3
12
5
5
8
1709
37
2
1
9
7
1
11
5
198
9
3
2
7
13
4
83
67
2
2
6
11
1
5
24
160
1
3
5
1
56
8
52
33
2
2
167
9
38
3
32
11
11
252
3
3
6
4
2
12
93
13
1
4
20
12
12
64
31
163
3
48
7
20
35
20
1
6
5
19
115
418
1930
13
2
1
3
46
4
3
3
2
3
12
3
6
57
1
15
118
2
1
210
9
14
136
2
2
26
5
10
59
45
1
926
4
6
2
17
2
3
1
3
1
13
5
35
21
35
21
10
56
39
18
23
1
16
3
11
19
326
11
4
5
12
92
58
32
5
31
4
93
12
2
1
5
3
23
2
12
464
44
1
1
1
595
60
79
2
13
64
1
12
20
1435
42
2
1
1
2
1
16
1
13
2
13
10
10
1
4
11
14
10
1
11
3
2
6
2
3
12
2
9
8
6
314
18
2
9
1
404
23
43
5
2
85
62
2
12
14
30
4
3
1
12
6
13
33
1
3
1
2
70
9
2
213
2
5
2
95
43
15
11
12
2
30
3
4
17
2
3
1
48
2
3
309
2035
295
26
19
24
19
3
2
2
9
1
26
1
28
42
30
58
2
52
3
10
805
23
17
3
51
1
1
7
24
2
16
3
1
20
10
57
2
2
86
16
2
1
60
5
5
1
4
27
2
30
9
7
11
18
1
48
10
49
21
15
7
30
1290
21
1152
6
1
13
7
1
20
100
1
64
3
14
74
11
14
42
149
22
76
5
3
4
16
7
2
39
5
12
8
52
3
1
16
1
57
16
1
7
3
123
27
10
32
62
66
2
3
1
20
13
1
1
2
1
575
15
904
4
8
349
2
13
19
1
5
20
65
2
1
2
1
215
9
146
389
2
10
13
5
45
2
2
3
7
5
15
11
8
1
58
7
1
7
117
27
1
2
5
93
9
24
31
1
1
6
3
3
1
120
134
2
54
5
5
9
4
6122
2
2
9
36
22
9
4
5
2
66099
3
16
6
3
241
7
2
2
4
9
35
4
6
41
37
23
7
2
13
3
3
22
4
27
2953
4
8
12
37
1
49
147
1
155
116
1
11
3
44
3
6
2
18
1
3
1
16
19
67
6
3
10
8
17
20
1
1
8
9
224
20
28
107
56
5
4
12
2
164
3
4
20
27
3
3
89
1
16
1
11
2
426
19
6
7
91
21
4
1
1
4
170
6
7
1
2
7
2
342
2
5
13
