10000
10000
10000
10000
1
2
10000
6
10000
10000
1
10000
4
2
1
2
12
1
10000
2
1
10000
10000
1
10000
10000
1
1
10000
10000
1
3
6
1
14
2
10000
2
6
9
10000
10000
10000
18
1
10000
3
16
1
10000
1
2
3
1
9
1
7
10000
3
1
10000
11
10000
10000
3
10
10000
1
10000
9
3
1
1
1
1
5
10000
10000
10000
136
1
2
16
3
4
1
10000
10000
1
10000
10000
1
2
5
10000
4
5
10000
10000
24
3
10
1
10000
1
1
1
1
10000
10000
1
2
9
2
6
13
10000
10000
10000
10000
2
1
220
2
8
2
10000
16
10000
1
8
10000
4
11
25
17
1
1
1
3
10000
3
3
27
10000
1
10000
10000
1
10000
1
10000
10000
10000
10000
10000
10000
1
10000
3
1
10000
1
10000
1
3
2
10000
10000
10000
10000
10000
20
6
10000
10000
1
10000
2
10000
1
2
2
10000
10000
10000
1
2
10000
10000
35
1
10000
10000
10000
1
6
1
10000
3
2
10000
2
1
4
1
1
3
192
1
4
276
10000
1
10000
5
2
2
1
10000
1
1
10000
10000
8
1554
10000
10000
10000
1
2
4
1
1
2
3
1
1
1
28
2
1
1
2
10000
33
1
6
4
2
10000
1
10000
2
10000
3
1
5
1
10000
2
10000
1
10000
74
1
3
2
10000
3
1
1
10000
55
1
1
2
2
10000
18
4
10000
10000
2
10000
10000
1
3
26
10000
10000
10000
1
10000
10000
10000
10000
5
315
10000
2
10000
10000
20
1
1
4
10000
5
10000
17
1
10000
2
2
19
137
2
1
3
2
1
2
224
10000
9
2
4
10000
10000
3
2
10000
10000
10000
13
1
3
2
13
10000
87
10000
10000
10000
10000
10000
1
15
6
1
10000
1
10
1
31
3
10000
10000
10000
1
12
10000
10000
10000
2
23
3
1
1
10000
2
10000
10000
1
10000
9
10000
10000
3
2
2
3
10000
2
3
38
1
3
10000
2
5
3
101
10000
74
10000
1
10000
34
1
4
5
10000
3
10000
2
5
2
1
1
10000
1
1
10000
10000
2
4
10000
1
1
2
78
1
7
10000
5
2
5
10000
10000
27
9
1
10000
20
1
10000
20
1
59
1
2
21
1
12
4
5
14
1
4
10
10000
1
1
10000
1
1
10000
10000
12
1
1
3
10000
1
11
10000
21
1
24
1
90
1
10000
22
3
10000
1
2
1
1
1
2
10000
10000
10000
2
6
7
9
10000
2
1
10000
10000
10000
1
2
1
10000
9
10000
10000
1
2
10000
10000
10000
1
184
1
2
96
10000
1
1
10000
1
1
10000
2
2
1
10000
10
1
20
1
10000
1
2
10000
1
5
2
1
1
1
2
10000
2
10000
1
3
14
10000
7
1
10000
3
10000
2
1
2
1
10000
2
1
10000
10000
1
1
4
1
1
10000
1
10000
11
10000
18
10000
1
1
1
1
1
36
1
1
12
1
10000
1
2
4
1
5
1
203
3
1
1
1
5
10000
8
1
1
1
74
10000
1
10000
1
10000
10000
10000
10000
10000
3
1
10000
10000
1
10000
10000
3
3
1
9
10000
15
10000
1
1
4
10000
2
10000
2
10000
10000
10000
92
1
1
10000
53
60
4
10000
10000
36
5
6
6
1
1
232
11
1
1
21
10000
1
4
10000
10000
3
1
10000
10000
10000
5
18
46
1
12
1
1
4
2
3
1
2
917
10000
1
11
55
10000
23
101
6
95
1
1
10000
2
4
10000
1
1
35
9
1
1
13
10000
131
8
4
10000
10000
1
2
1
10000
1
10000
3
4
2
1
10000
2
10000
1
5
10000
6
10000
1
5
10000
1
32
6
10000
2
8
1
4
3
10000
10000
10000
2
2
2
1999
2
4
2
3
10000
10000
10000
42
15
10000
1
4
10000
1
10000
2
1
1
6
10000
1
10000
1
13
2
3
7
10000
1
2
7
10000
10000
1
1
5
10000
10000
10000
3
1
50
52
10000
10000
2
10000
1
10000
4
10000
45
3
5
48
1
5
10000
10
10000
1
5
1
2
4
4
10000
70
1
10000
2
1
1
1
5
1
1
10000
1
1
10000
7
9
5
10000
1
4
1
2
10000
1
10000
5
10000
10000
2
10000
10000
10000
10000
2
1
2
3
93
9
1
72
10000
2
2
10000
10000
1
2
1
10000
2
10000
11
10000
2
19
10000
1
6
1
15
10000
10000
3
9
10000
4
1
2
10000
13
3
3
10000
10000
14
1
10000
11
71
8
1
1
10000
10000
7
39
9
3
34
1
4
3
10000
10000
10000
10000
3
77
1
17
1
10000
10000
1
10000
10000
2
10000
7
10000
4
39
1
1
10
1
4
1
35
10000
51
1
10000
1
1
1
10000
10000
2
4
1
5
2
2
10000
1
10000
1
10000
15
2
1
1
3
10000
6
6
1
1
10000
6
10000
10000
10000
2
1
10000
2
1
10000
10000
10000
13
10000
10000
10000
2
10000
1
10000
2
1
2
4
1
1
10000
7
10000
9
10000
1
53
8230
10000
5
38
1
49
1
10000
1
10000
1
1
10000
9
6
1
109
1
10000
10000
1
1
2
3
1
10000
96
1
4
1
7
1
1
4
1
6
1
1
10000
1
3
1
1
1
1
10000
8
1
13
1
3
10000
2
10000
10000
10000
2
10000
10000
16
2
1
10000
35
5
10000
10000
10000
2
2
10000
1
32
10000
94
10000
10000
79
3
10000
8
10000
10000
10000
1
2
10000
10000
10000
1
1
1
1
1
2
1
2
2
2
10
10000
10000
1
8
1
4
2
3
10000
2
69
10000
10000
10000
2
2
18
10000
10000
10000
5
1
1
1
10000
63
68
10000
8
3
1
10000
1
2
6
40
10000
2
1
10000
2
5
3
10000
10000
1
10000
3
1
10000
10000
10000
1
3
10000
1
10000
3
1
9
1
2
10000
69
10000
10000
1
10000
1
1
16
1
9
65
33
8
16
10000
1
5
55
1
3
6
1
1
1
1
1
1
10000
1
1
2
10000
3
10000
1
10000
2
1
10000
10000
10000
1
2
4
5
10000
1
4
7
1
1
1
1
10000
1
10000
10000
10000
10000
438
2
10000
4
10000
21
1
2
185
10000
2
10000
2
10000
3
10000
1
10000
1
10000
10000
1
2
1
10000
10000
10000
1
10000
4
1
48
1
1
10000
2
1
14
62
1
3
2
1
1
1
10000
2
3
10000
4
1
6
4
1
10000
1
10000
1
1
2
9
10000
1
6
2
4
3
1
7
1
6
10000
3
10000
2
10000
29
8
4
1
10000
2
12
1
3
1
49
4
21
15
1
10000
10
1
7
26
8
10000
2
1
10000
10000
5
8
1
2
10000
4
1
1
10000
1
1
1
1
4
10000
8
10000
1
1
1
8
1
1
2
2
2
1
1
10000
10000
10000
5
7
4
10000
2
4
10000
1
1
5
2
10000
1
1
1
10000
10000
7
2
10000
1
2
1
1
5
6
8
10000
10000
6
10000
39
10000
10000
10000
3
1
1
10000
1
10000
10000
2
10000
2
1
1
10000
10000
3
10000
7
10000
873
8
8
10000
10000
5
10000
14
4
10000
1
2
1
5
3
13
10000
10000
10000
10000
5
10000
10000
1
1
1
10000
1
21
4
10000
5
10000
10000
10000
10000
2
10000
1
10000
12
1
10000
1
1
1
2
10000
10000
10000
2
10000
1
2
4
14
10000
1
10000
16
10000
1
17
10000
1
10000
1
9
1
2
10000
10000
10000
4
10000
10000
2
1
10000
3
1
10000
2
10000
1
1
1
10000
1
10000
1
10000
1
3
4
13
461
1
19
2
1
2
4
1
10000
6
8
1
5
1
10000
36
10000
3
93
10000
10000
4
3
6
5
1
1
4
3
5
3
1
2
1
2
1
1
2
10000
10000
1
1
10000
10000
10000
10000
1
3
13
3
3
7
6
1
10000
10000
6
6
1
4
10000
1
2
1
7
10000
10000
10000
1
10000
2
7
41
1
3
10000
1
1
1
10000
10000
1
10000
10000
10000
8
10000
1
1
10
1
10000
4
12
10000
1
3
5
1
10000
10000
1
1
1
1
4
1
1
10000
10000
2
7
10000
51
1
2
3
10000
29
10000
4
10000
3
10000
5
3
13
16
10000
10000
3
1
2
10000
2
72
1
1
2
1
18
2
5
1
4
1
1
10000
39
2
1
10000
10000
54
2
3
1
12
10000
2
10000
1
1
4
10000
2
10000
1
10000
1
10
10000
10000
5
10000
1
10000
10000
10000
10000
1
2
3
10000
2
1
10000
8
1
4
10000
2
4
5
1
10000
3
10000
2
1
10000
11
1
33
10000
9
1
10000
3
10000
8
7
2
1
10000
79
2
28
11
10000
1
2
8
1
2
1
2
18
10000
10000
10000
8
12
1
10000
10000
2
1
1
10000
10
1
21
10000
8
2
13
10000
1
10000
10000
10000
3
6
10000
10000
15
2
5
10000
2
2
5
2
10000
10000
10000
1
1
10000
43
12
10000
10000
1
9
1
10000
5
1
1
32
1
2
2
3
2
2
10000
4
4
1
1
10000
6
6
4
1
10000
40
7
10000
1
1
10000
1
62
9
2
1
1
10000
1
48
1
42
2
1
19
2
1
3
1
10000
4
10000
10000
3
10000
1
10000
10000
1
10000
10000
1
1
2
10000
10000
1
3
10000
10000
10000
8
10000
2
10000
6
3
10000
10000
3
468
2
10000
10
10000
10000
2
66
5
1
1
1
1661
58
10000
28
76
1
10000
10000
1
18
3
1
4
1
10000
1
66
12
5
1
11
1
2
1
1
6
8
10000
10000
10000
1
10000
2
3
10000
1
6
10000
3
4
1
10000
49
3
3
1
10000
10000
2
6639
10000
2
2
1
1
1
7
2
10000
17
1
10000
9
12
1
10000
1
6
4
13
2
2
10000
1
10000
2
12
1
2
4
6
10000
10000
2
10000
10000
10
10000
15
1
20
10000
10000
1
10000
10000
1
10000
1
13
1
6
3
10000
6
4
1
1
10000
5
65
10000
10000
10000
4
10000
10000
6
1
1
2
34
10000
4
10000
145
47
10000
10000
10000
1
1
46
1
4
10000
11
10000
1
38
1
1
1
10000
1
1
18
1
1
1
1
10000
1
1
7
3
1
1
1
2
10000
12
1
2
10000
5
1
1
1
1
21
4
2
1
3
1
5
172
4
1
1
6
1
10000
1
3
1
2
8
9
688
1
10000
1
10000
47
10000
9
5
10000
4
2
81
1
1
5
1
1
10000
4
1
5
3
10
10000
1
1
1
1
1
1
2
1
4
9
1
1
5
1
3
2
3
3
1
1
2
10000
10000
10000
1
19
1
5
47
10000
3
1
1
1
2
1
1
10000
14
11
10000
3
2
2
3
1
5
1
2
2
9
1
1
10000
10000
5
1
10000
1
58
2
10000
2
10000
10000
14
11
1
10000
1
10000
2
3
8
10000
10000
1
1
1
118
10000
1
1
14
10000
5
10000
1
23
1
10000
10000
10000
10000
4
10000
10000
10000
3
1
2
10000
35
4
1
1
10000
2
5
2
5
1
10000
1
10000
1
2
3
1
4
2
18
4
1
1
2
13
3
3
9
1
10000
1
1
2
7
2
2
37
2
4
2
3
10000
1
10000
10000
10000
1
15
6
1
11
27
1
2
1
9
10000
10000
1
1
10000
2
10000
4
1
5
10000
10000
2
1
1
1
10000
10000
5
1
10000
1
2
12
3
1
9
10000
1
1
18
3
10000
1
10000
10000
1
11
1
7
1
3
3
1
2
1
10000
10000
1
1
4
1
2
3
1
3
10000
7
1
10000
10000
1
10000
20
2
10000
2
2
3
10000
8
4
4
10000
2
2
2
1
1
2
10000
1
10000
13
10000
10000
10000
1
1
1
1
1
1
1
1
9
1
10000
12
13
3
5
10000
109
10000
10000
1
156
10000
2
1
1
70
25
1
4
70
2
10000
1
2
10000
10000
2
4
4
10000
5
10000
15
4
1
12
5
3
10000
2
8
10000
23
4
10000
2
1
1
1
2
23
3
12
6
1
9
41
3
12
18
10000
1
1
1
10000
1
10000
4
3
1
2
10000
1
3
10000
2
7
10000
10000
4
25
10000
1
1
10000
10000
10000
3
9
1
10000
5
1
10000
2
3
1
1
1
4
2
49
3
2
10000
1
1
8
10000
10000
1
10000
2
1
2
10000
10000
5
1
1
2
2041
10000
10000
10000
10000
3
1
66
10000
2
10000
10000
29
10000
10000
3
10000
2
20
10000
3
1
1
5
2
2
1
10000
1
1
1
10000
8
10000
10000
1
1
10000
2
1
1
10000
10000
1
1
2
14
2
22
1
2
10000
3
69
2
2
2
10000
2
1
10000
8
2
3
1
10000
10000
1
2
1
7
1
10000
2
3
6
3
5222
2
2
4
2
3
10000
2
10000
1
1
10000
1
10000
1
10000
1
1
10000
4
3
1
1
1
1
2
1
2
5
1
1
10
6
10000
1
1
2
10000
10
10000
1
2
4
10000
10000
8
10000
2
8
10000
10000
10000
10000
10000
111
10000
11
1
10000
10000
10000
10000
10000
1
10000
1
1
1
4
10000
2
3
1
10000
10000
17
10000
10000
2
10000
30
10000
2
10000
10000
5
2
10000
12
6
2
10000
5
1
10000
10000
10000
10000
1
10
1
13
10000
18
1
10000
957
10000
3
10000
10000
29
10000
10000
12
10000
10000
6
6
10000
5
1
10000
1
1
10000
10000
17
1
139
9
10000
3
1
12
10000
383
9
3
4
10000
2
1
1
2
1
10000
1
1
2
10000
1
1
2
3
10000
10000
23
10000
7
1
10000
10000
10000
10000
1
1
10000
10000
3
3
10000
15
10000
1
4
10000
10000
2
2
1
10000
28
5
8
2
1
10000
8
10000
2
3
1
17
4
10000
3
2
1
4
45
10000
2
7
1
2
1
10000
2
5
10000
82
1
8
1
1
1
1
10000
2
10000
10000
5
2
1
1
47
10000
1
10000
10000
2
10000
1
4
10000
2
3
10000
10000
10000
2
1
2
2
93
1
10000
32
10000
1
2
2
10000
2
10000
2
19
1
12
10000
3
15
6
10000
4
10000
1
1
10000
9
3
5
14
10000
1
1
10000
2
1
3
10000
5
18
9
1
1
10000
1
1
10000
5
10000
19
1
7
1
5
2
3
2
1
6
10000
2
1
10000
2
1
10000
1
97
10000
5
10000
3
10000
10000
1
10000
10000
10000
10000
1
1
1
32
2
3
16
1
7
1
2
2
1
10000
2
10000
4
1
5
1
1
1
6
10000
4
11
10000
2
1
44
10000
3
10
2
3
7
8
2
4
2
1
5
1
1
49
6
11
3
22
10000
1
1
1
1
1
10000
7
1
10000
10000
2
10000
3
10000
7
19
10000
993
1
23
2
6
10000
10000
2
1
1
8
5
1
10000
1
10000
1
23
11
2
1
1
1
10000
1
10000
10000
1
10000
10000
2
3
10000
1
10000
3
69
2
3
2
10000
8
2
2
1
1
10000
1
1
1
1
10000
2
10000
2
2
10000
1
1
1
1
9
10000
10000
2
2
4
2
1
10000
10
18
1
8
1
4
14
10000
2
2
2
1
10
148
2
1
19
23
3
10000
3
3
1
1
10000
4
10000
1
5
56
1
1
5
6
8
1
1
4
10000
1
1
2
1
7
1
1
24
49
10000
1
18
10000
10000
5
10000
8
10000
1
1
9
2
10000
151
17
10000
10000
1
1
1
2
10000
1
1
1
10000
10000
10000
10000
14
10000
22
10000
10000
10000
10000
4
546
1
2
10000
29
7
10000
10000
1
10000
10000
10000
30
10000
1
5
10000
10000
1
9
3
1
1
10000
27
1
1
1
1
31
3
10000
10000
1
1
10000
9
2
3
2
10000
3
5
1
13
10000
1
22
4
10000
1
2
10000
1
1
10000
1
1
6
10000
10000
10000
19
10000
3
2
8
24
1
10000
5
5
10000
2
1
10000
1
1
1
2
4
1
10000
1
10000
3
3
642
2
10000
10000
10000
10000
1
10000
10000
4
1
10000
2
10000
18
1
1
10000
1
1
1
10000
1
10000
7
3
10000
3
10000
57
1
10000
10000
10000
1
7
10000
1
8
10000
1
29
10000
1
1
3
10000
1
3
14
10000
3
10000
1
10000
1
11
1
1
10
65
1
5
10000
12
2
10000
10000
1
1
10000
4
10000
10000
10000
10000
109
2
10000
1
1
1
10000
3
10000
10000
1
1
1
10000
1
3
10000
1
7
10000
1
9
2
10000
8
6
1
1
7
8
1
10000
10000
2
1
1
10000
10000
1
1
3
7
10000
5
7
1
1
10000
2
7
1
10
10000
6
10000
7
1
1
10000
10000
10000
10000
59
10000
2
8
10000
1
10000
9
1
1
67
1
10000
6
1
4
11
10000
10000
2
1
4
10000
10000
1
1000
1
1
10000
1
10000
35
10000
8
1
10000
1
10000
1
1
3
3
10000
10000
10000
1
3
4
8
3
10000
1
1
10000
10000
10000
10000
14
6
2
2
1
1
10000
3
10000
1
3
5
1
10000
10000
1
48
10000
10000
4
1
2
72
11
1
10000
2
1
389
10000
1
1
1
1
3
10000
10000
10000
10000
1
10000
10000
1
10000
1
1
5
92
7
1
1
10000
2
10000
10000
6
1
1
94
10000
9
10000
10000
10000
18
1
2
1
2
10000
3
2
3
10000
1
10000
10000
1
1
10000
10000
2
1
10000
3
1
10000
10000
1
1
20
1
10000
1
17
1
1
3
1
10000
1
1
10000
4
1
2
10000
1
10000
10000
1
1
1
2
1
1
10000
3
10000
7
1
13
5
10000
4
1
3
1
2
2
10000
2
7
1
10000
59
1
10000
4
14
10000
10000
10000
3
2
1
4
10000
1
6
1
10000
1
4
10000
1
1
10000
2
2
10000
10000
1
4
4
21
1
1
12
1
4
5
3
1
10000
1
1
10000
1
8
10000
10000
10000
3
2
4
1
19
2528
1
10000
2
10000
4
1
3
10000
10000
26
10000
10000
3
1
1
2
1
1
483
10000
4
1
10000
1
2
1
2
1
2
10000
10000
10000
10000
1
6
19
1
8
2
10000
1
1
10000
1
1
3
1
1
10000
35
15
2
7
2
3
10000
15
6
4
10000
10000
10000
38
2
10000
1
10000
47
10000
1
4
1
1
1
10000
575
10000
23
1
1
10000
3
1
1
23
1
10000
3
1
2
10000
1
1
2
1
10000
1
1
10000
3
10000
14
10000
11
1
17
10000
22
1
36
22
3
10000
31
2
2
1
10000
10000
1
3
1
17
10000
1
3
33
6
10
4
1
2
1
4
10000
10000
5
1
2
7
3
10000
2
2
1
10000
1
1
1
2
2
1
13
10000
28
28
1
1
10000
12
10000
2
1
15
3
2
4
5
4
1
1
1
1
6
10000
10000
10000
1
10000
1
10000
22
15
3
10000
10000
1
8
1
3
9
1
1
10000
1
1
1
10000
4
5
10000
1
10000
2
10000
1
16
10000
10000
10000
10000
4
1
199
1
10000
10000
1
10000
10000
1
1
13
10000
2
3
5
1
1
1
10000
4
3
10000
3
10000
10000
2
1
10000
1
10000
4
1
1
10000
3
5
1
2
10000
1
10000
1
1
1
1
1
1
10000
1
10000
1
10000
1
1
10000
2
10000
8
3
10000
10000
10000
10000
10000
10000
10000
10000
10000
2
10000
1
1
10000
5
10000
28
1
10000
2
2
10000
2
10000
10000
3
10000
1
6
4
3
1
3
3
1
1
9
8
16
10000
1
1
5
10000
7
1
10000
1
1
7
1
1
10000
10000
10000
2
1
5
4
10000
10000
16
18
10000
10000
1
1
10000
10000
1
1
1
1
1
10000
33
1
21
10000
8
1
4
5
10000
2
5
10000
4
10000
2
10000
10000
10000
1
1
10000
10000
37
1
3
31
1
1
1
10000
1
1
1
17
3
2
9
3
1
2
1
10000
10000
10000
2
5
1
10000
10000
2
4
1
1
1
10000
1
1
3
10000
1
4
1
1
2
10000
10000
1
6
10000
10000
1
1
8
19
1
2
216
5
4
1
1
10000
3
35
4
5
1
1
69
10000
1
8
13
1
1
1
1
1
3256
1
1
1
1
1
4
1
3
2
10000
1
2
2
1
24
1
1
3
2
1
1
19
1
28
1
2
9
10000
3
5
10000
1
3
1
1
10000
1
1
1
10000
13
10000
1
4
1
1
10000
1
10000
10000
1
10000
1
10000
5
10000
10000
1
1
10000
6
10000
2
64
1
10000
1654
6
10000
10000
11
10000
10000
10000
6
1
4
10000
10000
3
1
4
82
1
1
10000
10000
1
18
6
2
10000
10000
1
4
1
10000
10000
1
10
6
1
10000
5
10000
11
1
61
8
2
10000
37
10000
1
3
1
1
10000
1
1
10000
1
5
42
2
1
10000
1
1
1
10000
2
2
10000
10000
4
10000
4
10000
2
9
3
1
2
1
10000
1
10000
10000
1
10000
15
10000
67
16
1
10
10000
1
1
2
4
2
7
210
10000
7
10000
10000
10000
1
6
10000
1
1
107
10000
1
3
3
1
1
11
3
10000
649
10000
10000
1
2
3
4
1
147
2
9
3
1
1
52
10000
6
5
1
3
10000
10000
4
10000
10000
1
3
1
10000
10000
10000
3
11
10000
1
3
10000
17
3
4
1
3
1
1
3
3
10000
10000
7
10000
10000
2
1
1
10000
4
1
1
2
10000
2
2
10000
1
10000
5
2
10000
69
10000
27
4
10000
1
6
4
1
7
1
2
10000
10000
10000
10000
10000
17
2
10000
1
16
12
4
2
6
1175
1
10000
1
1
10000
10000
6
10000
10000
1
4
1
10000
10000
10000
1
10000
17
2
10000
1
1
2
1
1
10000
5
2
10000
10000
3
1
17
4
2
3
1
1
1
1
3
1
1
10000
1
1
25
10000
3
30
10000
1
136
1
1
10000
1
1770
10000
2
3
1
10000
10000
1
10000
11
1
9
2
1
4
3
9
1
227
10000
10000
3
10000
10000
3
1
1
2
8
9
6
1
7
10000
16
2
1
1
6
1
1
1
2
1
1
10000
10000
2
4
1
1
2
2
4
1
2
1
10000
1
4413
1
1
2
10000
4
2
11
10000
1
10000
10000
10000
1
13
11
2
1
1
2
1
1
10000
1
10000
20
10000
1
1
10000
3
4
10000
10000
10000
3
1
3
2
1
10000
10
1
1
2
1
10000
10000
10000
10000
355
1
10000
5
10000
1
22
2
38
1
3
1
3
5
7
2
1
1
10000
1
12
10000
1
1
12
10000
1
74
10000
10000
1
10000
1
1
10000
1
1
4
10000
4
10000
2
3
23
1
1
10000
1
10000
10000
2
1
2
3
11
144
19
12
10000
1
1
27
1
13
1
46
3
2
10
10000
4
10000
1
10000
10000
1
1
10000
10000
9
1
3
25
12
10000
10000
3
1
1
1
2
34
63
2
1
2
11
4
7
10000
4
10000
4
10000
4
2
5
4
9
4
2
4
1
22
10000
229
46
10000
10
10000
58
10000
3
4
3
2
10000
1
4
10000
1
10000
10000
10000
5
3
10000
2
24
58
1
894
10000
1
1
15
4
10000
3
10000
2
3
1
1
1
1
10000
10000
1
1
21
4
1
10000
1
10000
10000
10000
1
2
1
10000
30
2
10000
4
5
35
10000
28
3
1
10000
1
3
10000
10000
1
1
3
2
1
1
7
29
1
10000
1
1
10000
1
27
1
1
7
5
10000
1
21
204
1
1
10000
10000
10000
4
1
9
6
2
1
10000
10000
3
2
1
4
10000
10000
1
10000
10000
21
10000
1
1
2
69
1
1
1
1
10000
10000
1
3
10000
3
4
1
1
10000
436
10000
1
1
1
1
2
1
1
1
10000
10000
3
1
10000
2
1
15
10000
10000
38
7
2
10000
10000
10000
10000
1
10000
1
10000
10000
1
10000
3
48
11
1
1
10000
1
1
10000
10000
1
2
1
1
10000
10000
1
6
4
6
10000
2
10000
1
938
9
1
2
3
13
1
1
10000
1
797
10000
10000
10000
1
6
2
1
1
10000
29
10000
10000
3
6
10000
4
1
1
4
2
1
1
3
1
10000
1
10000
10000
3
44
30
10000
27
10000
6
6
10000
10000
2
10000
10000
2
1
10000
10000
10000
10000
10000
4
8
1
3
2
10000
2
10000
10000
5
13
1
10000
5
1
1
2
1
10000
10000
10000
2
1
10000
2
1
10000
10000
1
2
1
12
16
10000
10000
10000
2
10000
1
1
3
23
3
10000
2
10000
72
10000
1
1
2
10
41
10000
10000
10000
2
4
1
1
10000
10000
1
10000
10000
1
1
1
1
42
10000
1
81
19
10000
9
10000
10000
3
10000
1
10000
10000
3
1
3
5
31
19
1
17
3
10000
10000
10000
1
1
9
2
10000
5
7
3
10000
1
10000
1
4
10000
1
5
2
10000
10000
1
2
1
10000
1
3
81
1
10000
1
4
10000
8
1
2
3
10000
33
2
10000
7
1
10000
10000
13
23
1
10000
19
1
10000
6
1
10000
1
4
4
1
1
10000
10000
21
4
32
2
1
6
8
2
10000
1
1
1
2
10000
5
1
17
4
1
18
9
23
2
1
56
1
1
10000
1
2
1
10000
151
11
3
3
1
1
2
10000
26
10000
10000
2
10000
10000
1
14
1
10000
1
1
5
1
1
1
1
10000
2
1
4
4
6
25
2
10000
1
10000
279
3
1
1
1
10000
5
1
10000
10000
12
8
10000
10000
2
1
1
10000
10000
4
10000
3
3
1
6
9
4
10000
74
10000
3
10000
1
1
3
1
1
1
1
1
1
10000
1
4
1
10000
10000
10000
10000
10000
2
2
1
10000
2
1
10
1
1
2
1
5
1
1
2
10000
2
10000
1
1
1
2
10000
10000
1
25
10000
1
10000
10000
3
2
35
5
3
2
3
3
10000
2
10000
3
1
1
2
1
10000
254
10000
1
3
1
10000
2
10000
3
10000
1
10000
10000
6
3
5
22
5
4
1
10000
1
30
11
10000
10000
3
1
3
1
10000
2
10
2
10000
10000
10000
1
10000
10000
10000
1
1
10000
5
126
1
33
5
1
4
1
6
1
8
1
1
1
10000
10000
71
1
3
10000
1
10000
23
5
7
10000
3
1
1021
10000
2
1
1
10000
9
10000
8
1
10000
1
10000
10000
1
2
10000
1
1
1
10000
2
10000
6
10000
1
1
5
10000
2
10000
1
10000
1
1
2
10000
3
1
10000
17
156
1
2
11
2
1
10000
3
10000
10000
1
1
1
1
2
1
4
10000
1
1
10000
10000
1
10000
10000
1
10000
10000
2
10000
10000
6
12
10000
1
3
3
10000
2
5
10000
1
2
10000
3
1
1
1
10000
14
17
2
1
10000
4
9
2
10000
10000
140
1
3
1
10000
10000
10000
37
1
10000
1
10000
408
10000
2
1
1
10000
72
1
9
10000
1
2
10000
1
10000
2
1
79
16
8
1
1
23
1
5
1
1
1
4
1
1
10000
2
10000
2
3
10000
1
10000
1
1
10000
3
1
3
2
1
7
1
10000
2
10000
10000
1
4
1
6
10000
7
1
3
2
1
1
1
2
2
6
1
10000
9
10000
1
7
10000
10000
1
10
1
2
10000
1
1
4
10000
1
10000
5
1
6
2
1
10000
2
10000
10000
1
10000
10000
2358
3
10000
2
2
10000
2
10000
311
1
1
10000
1
1
4
1
2
4
1
3
10000
10000
2
2
4
3
10000
3
10000
5
10000
3
10000
1
10000
1
1
1
3
18
10000
1
4
2
1
182
12
10000
10000
10000
1
10000
4
1
16
1
10000
6
3
1
10000
2
10000
10000
12
4
6
1
2
10000
1
5
12
10000
14
2
224
10000
5
10000
4
2
10000
10000
4
4
10000
2
6
23
10000
15
17
10000
1
10000
5
6
10000
61
1
10000
20
2
1
13
3
1
1
1
2
13
2
10000
1
10000
3
10000
3
10000
1
1
1
4
10000
1
1
6
1
1
10000
10000
1
1
4
3
1
1
10000
3
1
1
10000
3
1
1
8
1
2
125
1
10000
1
5
4
5
1
132
1
34
10000
1
5
6
9
1
10000
10000
1
1
1
9
8
2
1
10000
10000
10000
13
1
10000
1
1
10000
10000
938
1
1
1
2
1
10000
32
14
1
4
2
10000
1
1
7
10000
3
33
10000
6
2
15
2
150
1
1
10000
4
1
10000
10000
1
1
1
62
10000
2
10000
8
10000
1
10000
6
9
10000
10000
4
12
3
1
3
3
1
10000
4
10000
1
12
10000
10000
10000
10000
10000
2
10000
40
1
7
10000
10000
10000
10000
10000
4
10000
6
10000
1
43
3
4
10000
10000
1
1
1
11
10000
1
10000
1
2
10000
12
10000
1
1
1
10000
366
591
1
10000
434
1
317
10000
2
10000
3
127
10000
10000
10000
75
10000
3
3
3
183
10000
9
290
1
1
1
10000
1
10000
10000
10000
2
1
101
2
18
2
10000
14
2
1
1
1
3
32
1
10000
1
2
3
1
1
10000
1
1
1
10000
2
10000
14
10000
4
4
2
1
9
10000
2
1
4
10000
1
324
10000
1
1
1
2
2
8
1
2
10000
5
1
10000
10000
34
4
7
12
10000
67
10000
4
1
14
1
10000
10000
1
1
2
10000
3
1
1
10000
1
1
10000
1
10000
10000
2
12
2
1
1
17
10000
10000
10000
10000
10000
10000
1
8
1
10000
12
1
7
9
10000
1
1
9
1
3
1
8
1
10000
1
2
2
1
10000
1
1
4
10000
2
11
9
2
10000
1
2
8
2
10000
1
2
1
10000
2
1
10000
2
2
9
1
10000
10000
2
1
10000
17
3
1
2
1
3
10000
10000
1
10000
10000
3
1
1
2
10000
4
8
10000
1
1
2
3
3
8
1
70
10
1
10000
10000
2
10000
1
13
3
8
10000
2
1
1
10000
2
1
24
10000
4
10000
1
1
10000
15
17
1
1
61
10000
1
2
1
10000
3
2
10000
1
10000
1
10000
10000
3
5
10000
3
1
10000
8
1
1
10000
10000
1
10000
10000
10000
2117
37
8
15
10000
10000
24
11
3
1
5
10000
2
15
11
14
10000
10000
1
10000
1
9
1
1
1
1
10000
10000
4
10000
10000
1
2
10000
12
2
10000
2
10000
1
11
10000
1
1
1
16
10000
1
10000
10000
3
2
2
4
1
1
2
2
4
1
10000
2
3
11
10000
10
1
1
10000
9
9
10000
1
4
16
1
10000
10000
10000
1
10000
1
1
2
3
6
3
1
2
9
1
2
4
4
10000
10000
3
10000
10000
10000
10000
3
1
1
1
1
1
8
20
1
1
10000
1
1
4
5
1
3
2
19
10000
10000
10000
2
1
10
10000
1
6
50
1
1
42
2
7
4
10000
65
34
2
1
1063
3
10000
2
3
4
1
12
10000
10000
1
2
1
1
10000
1
2
10000
4
9
1
10000
17
10000
1
1
10000
2
5
1
1
10000
4
1
1
2
1
1
10000
3
1
19
10000
10000
2
1
2
10000
10000
10000
3
1
10000
1
4
10000
10000
4
1
10000
1
2
2
10000
10000
1
3
92
10000
1
44
10000
4
1
1
1
10000
5
10000
5
10000
10000
2
10000
1
10000
10000
1
1
10000
1
5
2
2
2
1
5
10000
10000
1
52
10000
2
15
2
2
2
2
4
1
10000
2
1
4
10000
1
2
3
2
2
10000
10000
10000
10000
5
10000
2
1
10000
24
2
10000
7
2
1
1
1
1
7
1
1
10000
1
1
2
4
5
2
1
1
10000
10000
10
2
1
1
10000
1
2
1
10000
10000
581
7
1
2
1
2
3
6
1
1
4
1
10000
1
10000
1
1
10000
10
45
1
10000
10000
10000
10000
4
6
10000
2
12
1
75
10000
10000
4
10000
3
4
2
1
10000
10000
1
1
1
10000
1
13
1
9
5
1
1
10000
10000
1
10000
6
10000
10000
10000
1
3
2
10000
10000
2
10000
4
5
10000
1
7
10000
1
10000
3
1
7
10000
1
3
3
2
76
10000
5
10000
86
10000
1
1
1
1
8
10000
10000
1
1
2
1
10000
10000
1
10000
1
29
10000
3
2
10000
2
1
1
2
10000
2
1
5
10000
10000
19
1
13
2
8
2
1
2
1
10000
8
9
2
1
6
5
1
1
2
10000
1
1
10000
10000
7
10000
10000
4
2
2
10000
2
1
10000
10000
200
10000
10000
10000
2
14
1
1
144
10000
10000
31
24
1
6
9
44
3
1
1
1
1
11
1
1
5
10000
3
2
231
10000
10000
2
10000
3
2
1
3
19
35
10000
5
3
15
2
1
2
3
1
1
10000
7
8
2
2
4
1
10000
3
12
1
13
1
10000
1
29
10000
11
1
1
10000
3
4
1
1
3
2
45
3
1
1
1
2
2
10000
5
10000
10000
10000
1
10000
10000
1
10000
2
10000
223
7
10000
10000
1
18
1
1
6
1
10000
4
10000
38
10000
10000
10000
5
2
3
4
2
1
10000
2
3
10000
1
12
34
10000
3
9
15
1
3
10000
1
10000
7
3
4
10000
2
1
7
3
8
1
1
3
1
214
2
10000
4
4
1
5
10000
4
1
1
40
2
5
10000
2
10000
4
3
6
3
3
1
48
10000
54
10000
131
2
1
4
10
10000
10000
10000
2
2
34
10000
10000
2
10
1
1
2
3
1
10000
10
9
1
1
3
10000
10000
1
10000
1
1
7
4
4
3
1
18
103
10
10
8
1
1
2
10
3
8
1
13
10000
10000
10000
10000
10000
10000
3
23
21
1
12
10000
44
10000
10000
1
1
1
1
10000
1
3
10000
31
1
10000
10000
11
10000
9
1
2
7
10000
10000
2
10000
10000
10000
2
1
1
13
63
2
10000
1
1
1
9
10000
1
40
10000
1
10000
3
10000
1
1
1
8
10000
10000
10000
4
10000
31
2
1
10000
1
1
1
2
10000
10000
10000
2
2
10000
10000
18
10000
10000
660
1
1
10000
1
3
10000
10000
14
10000
10000
2
1
10000
1
10000
2
1
1
114
10000
1
10000
1
30
8
6
10000
5
3
2
10000
10000
1
23
1
2
10000
10000
10000
2
2
10000
10000
3
10000
6
17
2
1
10000
30
4
58
10000
10000
10000
2
2
1
8
10000
10000
1
2
6
1
10000
10000
12
5
1
4
31
4
1
54
5
6
1
4
1
1
1
9
8
4
3
10000
3
10000
5
1
2
10000
21
1
10000
5
1
2
1
28
1
4
10000
10000
1
21
2
10000
1
91
1
6
4
1
1
10000
1
1
1
1
1
1
1
10000
1
1
10000
1
1
2
10000
7
2
10000
188
25
5
10000
7
1
2
10000
2
2
10000
10000
2
5
10000
1
4
10000
3
2
17
1
2
10000
1
10000
2
10000
1
1
2
1
10000
3
10000
57
10000
54
2
2
3
10000
1
1
2
2
10000
2
10000
10000
10000
2
10000
10000
147
7
10000
11
2
1214
165
2
2
10000
10
10000
1
10000
5
10000
5
1
1
10000
10000
1
4
1
10000
5
8
7
10000
1
17
3
2
1
1
26
2
11
1
4
6
10000
1
5
6
10000
10000
10000
10000
8
29
10000
2
4
1
1
2
4
10000
4
3
1
1
1
10000
4
2
1
1
2
1
10000
1
3
8
2
2
1
10000
10000
10000
2
1
3
3
4
10000
1
10000
2
10000
10000
1
10000
1
3
1
10000
2
2
1
4
1
1
10000
21
2
1
13
1
36
1
10000
1
1
6
18
10000
1
10000
1
1
10000
10000
10000
6
10000
1
10000
2
10000
3
10000
10000
1
10000
2
10000
1
2
10000
226
2
20
1008
1
10000
3
1
10000
10000
1
1
2
1
23
1
10000
1
2
1
1
1
2
10000
10000
3
1
10000
5
1
1
3
26
10000
2
1
10000
1
1
5
1
1
7
84
3
1
10000
1
3
1
10
19
10000
2
2
10000
10000
11
2
2
3
4
26
10000
10000
10000
15
1
4
10000
77
2
2
10000
1
10000
2
10000
2
10000
1
7
1
3
10000
23
1
6
10000
3
15
10000
62
2
10000
9
10000
1
1
10000
10000
2
1
1
1
2
1
1
10000
1
1
1
10000
10000
10000
10000
8
10000
1
2
10000
10000
10000
6
10000
1
10000
2
76
10000
10000
10000
1
10000
4
1
10000
4
1159
2
10000
10000
1
7
6
13
7
10000
1
5
32
13
4
10000
2
10000
37
2
4
2
1
2
1
1
1
5
1
2
1
10000
26
10000
10000
10000
15
1
3
4
10000
1
10000
1
10000
10000
57
10000
1
10000
7
10000
10000
2
1
1
4
1
10000
6
1
3
20
1
4
10000
1
55
7
10000
10000
101
3
10000
5
86
1
1
1
10000
1
10000
1
10000
1
132
1
5
1
1
10000
6
1
28
10000
1
1
1
10000
9
1
1
10000
1
1
10000
6
10000
11
2
1
10000
13
10000
15
2
1
5
10000
1
2
2
10000
6
1
10000
10000
17
1
4
1
1
1
2
1
1
10000
1
9
1
10000
1
5
6
1
10000
2
7
2
1
10000
10000
10000
2
7
10000
2
10000
5
10000
10000
10000
1
10000
3
52
5
1
1
1
1
10000
14
10000
1
1
2
1
2
2
10000
10000
10000
10000
2
10000
1
1
2
2
10000
1
10000
1
1
6
10000
10000
8
10000
7
10000
1
4
1
1
6
2
1
3
10000
1
4
10
10000
2
4
10000
10000
10000
2
2
10000
4
10000
10000
1
10000
10000
3
1
10000
10000
10000
109
2
10000
2
1
6
2
1
1
1
1
2
10000
2
7
55
10000
5
10000
1
10000
3
1
1
10000
10000
10000
1
3
10000
1
12
2
10000
8
1
10000
2
1
17
1
10000
1
1
10000
10000
5
5
10000
3
1
7
10000
10000
38
10000
2
5
1
4
3
6
10000
10000
1
189
1
7
10000
10000
1
4
1
1
2
10000
1
5
1
8
1
1
1
1
9
8
6
1
10000
41
1
10000
10000
2
2
10000
3
1
3
9
1
10000
80
2
2
2
10000
9
10000
10000
10000
4
10000
10000
10000
4
5
2
10000
3
10
10000
3
6
2
1
10000
1
11
1
10000
1
1
2
6
5
1
10000
10000
1
3
1
14
57
6
10000
1
10000
1
3
10000
4
2
10000
1
10000
10000
4
1
1
8
1
17
1
1
10000
10000
34
1
17
2
10000
1
2
10000
1
10000
2
5
10000
10000
6
8
10000
2
10000
2
2
10000
3
11
7
8
10000
6
2
5
22
10000
18
1
1
10000
6
3
10000
1
1
10000
2
10000
1
10000
10000
2
1
10000
1
10000
10000
1
2
3
1
1
2
1
3
2
7
2
2
80
2
10000
5
1
10000
2
2
1
1
1
1
10000
1
10000
3
1
1
10000
1
1
5
10000
10000
10000
10000
1
3
10000
4
2
10000
1
1
10000
10000
5
10000
10000
2
1
371
5
1
10000
1
1
3
3
2
1
2
1
47
2
10
1
2
56
10000
10000
28
10000
3
2
1
2
1
1
10000
2
2
9
10000
10000
27
1
4
2
10000
1
3
6
19
2
1
2
10000
1
1
1
10000
1
5
10000
3
5
2
2
3
1884
7
10000
2
10000
1
10000
10000
10000
3
10000
10000
11
4
2
3
1
1
42
4
2
1
10000
1
16
1
3
3
2
1
10000
10000
7
1
1
10000
1
10000
10000
2
38
1
1
1
10000
10000
10000
4
10000
10000
3
1
10000
10000
10000
10000
10000
10000
10000
10000
10000
10000
9
2
6
3
8
10000
83
44
2
10000
1
1
1
1
28
10000
10000
202
8
1
3
10000
10000
10000
10000
2
1
1
3
8
1
3
10000
10000
2
2
1
1
1
7
10000
45
1
9
1
1
10000
1
1
2
49
2
1
1
2
1
7
104
1
10000
1
1
2
3
2
1
10000
9
10
2
1
1
10000
10000
10000
1547
10000
1
3
10000
3
10000
2
2
10000
10000
16
1
10000
10000
20
64
1
1
2
7
10000
10000
3
2
10000
2
10000
10000
10000
4
55
1
1
1
6
10000
1
4
10000
1
1
1
1
10000
1
79
1
10000
17
10000
10000
1
1
2
7
1
2
2
2
10000
10000
1
10000
1
1
1
2
2
10000
17
1
10000
1
10000
115
5
1
1
10000
1
1
1
1
11
212
3
1
1
3
1
1
10000
10000
2
9
1
10000
2
10000
1
2
10000
10000
10000
10000
9
1
1
10000
2
10000
10000
1
1
10000
2
2
10000
7
1
1
10000
1
10000
3
2
1
1
10000
2
6
1
10000
1
1
12
5
10000
10000
2
10000
3
1
2
10000
21
1
1
1
2
10000
25
2
2
3
1
7
10000
2
10000
1
10
10000
10000
4
4
18
20
10000
10
3
71
10000
10000
18
1
3
1
1
1
1
1
28
10000
2
9
1
3
10000
10000
10000
1
5
10000
1
10000
36
2
10000
36
6
3
1
1
10000
10000
10000
10000
1
28
2
1
1
1
1
3
10000
2
2
1
1
5
10000
1
3
10000
10000
45
10000
10000
1
2
10000
10000
4
10000
28
10000
2
1
1
10000
10000
4
5
10000
11
14
23
1
10000
3
2
4
1
10000
10000
10000
4
1
3
10000
6
2
1
52
2
2
3
1
14
1
10000
1
1
1
10000
10000
2
1
4
10000
4
10000
4
10000
10000
10000
10000
10000
6
5
10000
1
12
1
16
3
10000
10000
1
10000
3
2
2
6
1
10000
4
1
10000
1
6
1
2
10000
5
1
10000
10000
44
15
10000
2
2
3
3
3
10000
1
7
1
2
4
10000
1
10000
7
10000
10000
1
138
10000
10000
2
10000
4
1
63
19
3
10000
6
10000
2
5
10000
13
1
1
10000
8
10000
10000
1
10000
10000
2
14
12
215
3
10000
1
2
2
1
2
12
1
1
3
1
1
14
10000
1
10000
10000
1
1
1
3
3
2
10000
21
2
51
3
10000
1
10000
1
105
10000
1
1
12
5
2
1
1
10000
1
1
10000
10000
10000
1
1
1
10000
28
5
2
1
10000
10000
10000
12
6
32
1
3
61
8
1
10000
10000
10000
1
2
1
10000
14
345
10000
3
10000
10000
20
2
1
6
5
3
13
2
17
10000
6
10000
1
10000
10000
1
10000
1
1
10000
10000
1
1
10000
23
15
5
10000
1
10000
10000
2
1
1
1
10000
12
7
10000
10000
6
10000
6
1
4
1
7
10000
10000
2
3
1
1
10000
2
7
25
1
10000
5
1
10000
3
12
1
2
10000
2
1
10000
4
77
1
1
1
10000
3
10000
10000
1
1
1
10000
6
2
5
15
1
10000
1
31
4
1
10000
1
26
1
9
1
2
10000
2
6
13
1
4
10000
10000
2
1
10000
1
10000
10000
1
2
1
1
10000
1
10000
1
5
10000
2
3
1
11
1
10000
5123
10000
2
4
10000
1
10000
10000
35
33
1
9
1
10000
1
41
7
10000
11
10000
1
10000
1
4
1
4
10000
10000
5
2
2
7
75
10000
183
10000
10000
5
204
1
1
13
2
2
10000
3
3
1
2
2
3
2
5
8
1
1
3
1
10000
17
2
10000
10000
2
10000
19
89
37
10000
10000
3
5
10000
10000
10000
1
2
10000
26
10000
2
49
1
1
6
1
1
3
10000
1
1
9
3
10000
10000
10000
10000
10000
12
10000
1
1
19
10000
10000
10000
1
1
5
10000
1
3
6
10000
1
10000
4
4
2
22
10000
90
10000
1
2
10000
1
4
10000
10000
10000
10000
1
10000
5
1
10000
3
23
23
6
1
1
5
2
10000
1
35
4
2
2
2
3
3
10000
9
10000
1
3
10000
10000
3
9
10000
1
4
1
5
15
10000
3
10000
1
4
1
2
3
3
1
1
10000
1
10000
2
9
3
1
169
10000
10000
10000
10000
4
19
10000
2
16
2
9
1
3
1
1
10000
10000
10000
1
7
1
10000
1
1
4
10000
10000
3
10000
10000
1
1
3
1
10
10000
10000
10000
10000
1
1
1
5
2
10000
11
10000
2
1
38
10000
1
23
4
3
10000
1
1
10000
1
2
1
1
11
1
1
1
3
12
1
10000
51
4
2
1
10000
10000
1
8
1
8
3
10
2
1
6
2
1
21
3
1
36
6
1
10000
1
1
10000
11
1
2
1
10000
2
2
5
7
3
10000
1
1
10000
2
10000
3
10000
1
24
4
1
10000
5
11
1
5
10000
1
2
9
10000
2
2
5
5
1
2
15
3
10000
10000
5
1
10000
80
1
1
10000
10000
10000
1
1
10000
2
4
10000
10000
1
14
1
10000
3
2
1
10000
14
10000
10000
10
10000
10000
5
10000
3
10000
10000
25
5
3
1
6
10000
1
10000
4
1
4
14
1
10000
10000
2
1
1
5
6
1
10000
4
10000
1
10000
11
10000
1
1
10000
10000
10000
4
1
10
10000
1
3
13
10000
2
10000
10000
1
1
2
2
9
6
3
1
2
2
1
1
17
10000
1
10000
1
23
97
10000
3
1
3
22
1
2
2
2
2
1
13
4
1
10000
10000
8
6
10000
1
3
10000
10000
10000
2
2
22
6
4
1
303
1
10000
1
5
10000
2
3
7
1
2
10000
3
2
1
1
1
2
10000
10000
10000
10000
1
10000
10000
3
38
4
1
7
10000
2
1
10000
2
10000
17
64
1
2
3
10000
1
33
1088
1
4
10000
10000
10000
95
1
1
1
10000
10000
1
10000
10000
10000
3
881
10000
33
10000
1
1
10000
10000
2
10000
5
4
1
1
10000
10000
11
41
1
10000
13
1
10000
7
1
2
1
1
1
2
2
3
1
1
17
2
46
1
10000
1
5
6
10000
10000
33
1
10000
10000
20
10000
10000
10000
10000
10000
2
2
5
10000
2
10000
1
3
3
2
1
1
10000
1
1
10000
10000
1
10000
10000
8
74
10000
1
10
10000
6
1
1
5
5
2
1
4
1
1
10000
36
2
2
10000
2
1
10000
4
3
1
1
1
10000
10000
10000
3
5
1
10000
10000
2
1
10000
6
1
10000
1
3
10000
10000
1
5
21
1
10000
6
10000
10000
5
1
10
1
2
1
3
2
10000
5
15
3
1
2
35
10000
10000
10000
7
2
2
10000
10000
1
1
16
1
10000
3
10000
10000
1
2
10
1
10000
3
1
2
2
10000
11
10000
1
1
10000
10000
7
6
1
10000
1
10000
1
10000
10000
15
4
10000
10000
1
2
15
2
10000
31
10000
20
1
10000
2
10000
1
10000
3
7
10000
1
10000
5
3
3
1
10000
10000
12
1
10000
1
10000
2
86
4
5
98
1
1
94
1
1
3
10000
35
10000
11
10000
2
10000
1
3
2
10000
10000
2
1
10000
10000
10000
23
1
10000
10000
3
10000
2
2
4
8
3
10000
9
10000
10000
10000
10000
15
10000
3
1
1
1
3
1
10000
4
1
2
1
411
3
1
9
10000
16
1
1
6
10000
23
10000
10000
2
4
14
3
3
3
11
7
10000
1
10000
1
24
10000
17
11
10000
2
1
1
2
1
2
1
10000
10000
10000
10000
3
37
1
10000
20
1
36
1
2
2
10000
14
10000
10000
10000
1
2
4
10000
8
10000
1
10000
10000
8
1
8
1
3
10000
1
10000
10000
2
1
27
3
10000
10000
1
10000
6
3
10000
10000
10000
5
2
10000
10000
11
7
10000
1
1
75
2
5
1
1
10000
10000
7
7
1
1
15
10000
1
10000
6
2
5
10000
10000
1
4
1
1
1
9
1
10000
1
1
4
16
4
10000
10000
10000
2
1
4
1
49
228
7
1
1
1
10000
2
10000
2
1
1
4
1
10000
10000
1
1
1
1
11
11
6
7
2
1
10000
47
10000
2
9
25
4
4
5
10000
12
10000
4
1
2
1
1
10000
10000
10000
1
10000
2
1
10000
3
10000
10000
10000
1
2
10000
1
11
1
44
11
1
19
16
1
10000
11
1
1
2
10000
10000
15
1
10000
2
1
70
1
20
1
31
10000
1
6
2
2
10000
1
2
10000
10000
1
1
10000
3
10000
1
1
2
2
2
4
10
5
10000
5
3
2
12
29
10000
8
10000
1
1
7
2
4
10000
1
7
10000
10000
11
10000
3
10000
10000
10000
4
1
2
10000
10000
10000
1
1
2
1
1
10000
1
10000
1
1
1
2
6
10000
57
2
50
1
1
12
1
5
1
1
4
1
11
10000
2
1
10000
2
2
3
3
3
10000
1
1
10000
1
21
11
5
1
6
10000
6
15
2
2
1
109
14
15
10000
1
2
20
105
2
10000
10000
2
10000
10000
10000
2
10000
1
7
10000
10000
10000
2
2
7
3
1
1
10000
45
3
10000
10000
10000
10000
6
1
2
10000
2
2
3
1
3
2
2
1
1
2
10000
62
1
10
2
2
7
2
10000
10000
10000
1
3
10000
10000
2
10000
1
10000
10000
7
7
4
10000
1
1
5
10000
1
10000
3
3
1
1
1
69
10000
10000
1
1
10000
10000
28
24
1
7
1
3
1
1
12
10000
3
5
1
1
10000
10000
1
1
10000
3
1
2
10000
10000
10000
1
28
1
2
6
7411
10000
10000
2
11
6
1
10000
1
1
1
12
1
10000
1
10000
10000
10000
10000
1
52
10000
2
10000
10000
1
10000
1
16
3
74
25
10000
1
9
1
10000
10000
3
5
1
1
1
10000
3
10000
12
10000
2
5
10000
3
5
10000
10000
2
1
10000
1
10000
4
2225
1
10000
10000
1
1
2
3
1
1
3
2
1
331
1
13
3
10000
10000
37
10000
1
10000
1
1
10000
10000
11
1
10000
1
4
7
10000
10000
2
3
28
10000
2
40
20
10000
10000
5
12
10000
1
9
1
10000
1
2
1
10000
31
10000
32
10000
11
2
1
1
2
7
8
1
1
2
10000
10000
1
10000
10000
1
10000
5
1
3
23
10000
1
4317
10000
1
3
1
2
10000
33
3
25
1
1
4
4
6
10000
10000
10000
77
4
1
1
1
7
10000
1
10000
1
10000
10000
2
1
1
10000
10000
2
16
1
10000
7
2
10000
23
1
3
51
6
1
10000
1
1
1
1
2
15
2
1
9
12
10000
10000
1
1
1
1
1
3
14
1
1
10000
2
1
1
19
1
10000
10000
2
10000
2
1
10000
16
1
1
10000
2
4
2
7
3
10000
10000
13
1
1
2
1
1
13
10000
21
1
2
4
3
2
2
2
1
1
35
3
10000
3
10000
2
2
9
1
3
10000
10000
10000
3
1
24
1
10000
2
