10000
10000
60
421
4357
6
3
3
60
1
10000
2
1
10000
16
10000
1
17
10000
10000
410
104
11
10000
1
10000
10000
3
1
10000
10000
3
2177
21
7
47
20
2
10000
1
2
10000
10000
10
302
4
45
225
1
2
2
4
1
1
10000
10000
93
10000
1704
6
10000
10000
10000
10000
52
6
10000
569
44
9
50
849
10000
63
10000
2
5
5752
2
132
10000
10000
25
1
10000
4
3
10000
10000
98
132
7247
2
58
118
10000
10000
11
10000
2
8
236
28
6
10000
1
28
10000
1
10000
121
10000
144
10000
1
10000
19
673
14
8
1
2
14
1942
14
10000
1
456
87
8
1
10000
1
3615
10000
10000
123
10000
50
10000
931
10000
10000
6
10000
106
3
30
2
126
109
1102
1
4
15
10000
10000
647
4
66
10000
10000
3
79
129
4363
16
10
248
10000
8576
10000
4860
2
10000
10000
58
7
10000
12
2541
7
10000
6113
6
22
1
12
5
10000
364
4
2
27
10000
4
6
10000
10000
16
10000
10000
15
10000
3
1
60
330
1
13
10000
10000
10000
10000
251
10000
92
10000
1
10000
10000
10000
2
2
19
5
1
2
4293
12
24
10000
10000
144
10000
3
12
10000
381
13
1
10000
10000
1190
10000
2
10000
101
223
10000
10000
10000
102
2
16
3
10000
61
1
83
1582
11
15
11
10000
1145
10000
1
1
1
155
1
682
10000
4
45
1312
10000
1
10000
1
26
1
147
10000
6
10000
25
3
8
24
1
10000
16
16
5
4207
25
6
10000
50
10000
10000
23
36
807
272
10000
6074
22
348
141
10000
10000
24
10000
10000
10000
10000
6
4
7
10000
10000
1
8
10000
3
9
41
10000
10000
10000
43
10000
87
10000
61
2
282
5
10000
1
11
1
10
11
10000
2
18
2
582
62
2
4
1
10000
130
10000
19
23
1
10000
2
10000
1143
36
10000
368
3
10000
17
1
10000
13
1
1
10000
10000
10000
718
22
10000
10000
37
10000
2
498
10000
10000
17
2
5
1
441
85
4
10000
716
1360
36
3
26
10000
38
5
10000
34
22
1
14
10000
11
10000
83
316
3
77
10000
10000
10000
4
120
1
10000
10000
10000
8
11
10000
74
3
10000
78
10000
1
41
10000
10000
10000
5
10000
10000
44
10000
10000
160
154
10000
1
10000
120
19
1
10000
10000
9
43
1
1
84
9
97
10000
23
10000
303
10000
14
78
2
259
21
447
6
10000
10000
10000
10000
6
12
10000
11
4
7
10000
10000
223
8
10000
10000
25
6583
1
65
4
10000
10000
514
10000
21
6
1
108
6
10000
68
44
547
10000
10000
334
1
10000
10000
10000
3
10000
33
105
1
10000
10000
329
10000
10000
10000
3
50
435
10000
10
7018
1
820
23
39
323
7
13
4
3
66
69
10000
10000
1
3
10000
510
1150
1
3449
10000
1
479
10000
409
1
10000
9
10000
53
1852
24
10000
2017
3
7
2
106
18
10000
10000
28
10000
217
10
16
213
10000
10000
10000
10000
2
1
334
1371
10000
10000
3
5
10000
781
20
10000
19
10000
1
10000
131
1322
79
1
2
10000
3
70
10000
3
2
18
2
9
969
1197
10000
52
68
10000
10000
16
4
10000
13
671
1
10000
10000
376
10000
10000
10000
10000
10000
32
3
9
3
3
33
2
10000
10000
10000
93
1
65
10000
1
1504
7398
82
3
9
45
163
10000
10000
10000
7
10000
10000
3
1
10000
2
344
10000
10000
232
21
20
4362
10000
10000
129
10000
2
19
141
10000
3
6
10000
10000
10000
10000
1218
908
10000
10000
67
9
19
3
42
51
1
309
10000
10000
31
12
5
428
1
10000
10000
10000
10000
321
3
10000
1
1
3
10000
10000
10000
10000
10000
15
10000
13
1
10000
10000
38
10000
2
10000
538
14
6
44
1
2963
28
10000
2
319
2
1176
9
10000
10000
10000
6
10000
10000
704
10000
10000
1
32
10000
10000
58
13
2
10000
10000
10000
10000
308
10000
9
106
10000
3856
8
10000
6
9
1
10
24
752
4
10000
3
10000
10000
406
10000
10000
3
10000
142
1
10000
2
20
3
195
14
5
94
7
10000
2
10000
1190
10000
179
1864
1513
10000
1
10000
28
8
10000
10000
10000
10000
4
1
10000
10000
10000
10000
10000
436
16
10000
10000
950
28
107
9052
10000
10000
10
10000
7860
3
10000
10000
557
10000
1
1
26
15
1
15
10000
1
10000
3
10000
10000
20
8
10000
4
2
1
10000
10000
10000
32
1421
10000
2070
10000
14
4
36
10000
23
5
1
43
10000
2
173
1
10000
10000
10000
49
81
7945
10000
2
1
2
10000
10000
2
18
5
10000
1
10000
2053
6
6
4683
10000
68
10000
10000
10000
138
10000
11
7
10000
10000
12
1
10000
122
10000
10000
62
10000
10000
10000
10000
4
10000
1
342
10000
312
2
1647
10000
474
10000
10000
10000
20
74
3
10000
10000
10000
10000
8
1
12
10000
10000
10000
18
10000
10000
10000
1
10000
541
2
25
14
10000
10000
9
10000
10000
10000
10000
41
17
6
1
3
261
31
10000
5
1
3061
286
5
6787
22
10000
16
10000
3014
10
2
1
1
10000
10000
1029
9
281
10000
10000
10000
3
10000
10000
437
2
10000
10000
16
5
1
1
5
8218
21
10000
10000
10000
10000
10000
6
11
50
1
1
1
599
29
10000
65
35
10000
92
2
72
1
10000
5
29
65
1
10000
2
10000
313
10000
10000
10000
27
5
1
683
214
10000
3
7
262
1
2
16
8
8
10000
10000
1139
10000
10000
50
10000
6
2
10000
22
1
10000
10000
1
10000
185
3
134
10000
411
10000
10
1
216
10000
10000
10
10000
10000
54
2
10000
10000
6
1
3199
121
3
8
445
233
10000
3
5
29
4
173
3
10000
10000
14
91
18
38
78
102
1016
274
38
10000
10000
10000
10000
10000
134
35
10000
1
115
10000
10000
3
1761
1
10000
10000
1
10000
1
10000
23
10000
10000
118
10000
487
64
27
1
81
10000
10000
7
6
10000
188
2
1
8
6
10000
10000
1
10000
10000
10000
1
45
324
1
3
10000
26
4
10000
4
1
10000
1
10000
12
10000
1
6
10000
55
777
10000
28
97
3
1
4
7
2
3
5
65
44
10000
27
33
20
10000
10000
3
25
10000
10000
10
30
7
6
574
22
10000
10000
10000
10000
281
36
10000
1
10000
10000
10000
10000
111
11
311
10000
10000
1
320
2
10000
9231
10000
2
2
32
2
26
12
10000
2
10000
10000
55
21
2
1135
124
10000
69
62
10000
6
10000
2
1
49
10000
1
10000
17
10000
1
6
16
10000
1
2
10000
10000
3
5
7
5
10000
591
1
10
36
10000
939
5
1
2
222
10000
19
367
10000
4878
4
10000
10000
2
83
10000
10000
1
766
10000
3
2
3
45
10000
10000
13
2
10000
264
671
5
474
12
10000
32
10000
10000
10000
1
144
10000
685
27
10000
6
1
47
10000
149
1467
1100
4
16
10000
2536
1
7
42
10000
1651
72
2037
10000
10000
10000
10000
4
10000
10000
10000
10000
8
10000
10000
10000
27
10000
5
139
130
10000
10000
1
2
10000
10000
12
10000
10000
10000
10000
8
2
24
32
10000
5
1
1
10000
10000
2474
2
16
5
63
10000
10
2
19
10000
2
10000
11
10000
4765
280
691
3
1
407
10000
1
4850
10000
10000
1
87
8
5
10000
10000
10000
10000
33
140
10000
10000
211
10000
3
22
10000
143
1
10000
3146
17
2
10000
10000
2
5
13
10000
20
6
1
1
700
1
4
10000
10000
10000
10000
138
10000
82
6
10000
10000
2
41
26
673
3
10000
137
41
8
384
117
8
39
58
37
2
2868
17
110
10000
51
3
475
10000
10000
10000
1
1
166
10000
4
2
1
18
10000
13
804
175
10000
141
34
10000
58
1
5
125
32
1
196
254
125
2
1
10000
49
10000
233
12
10000
10000
154
15
2
10000
10000
78
2
10000
886
10000
10000
1
2
2519
7
10000
1
10000
10000
37
10000
226
10000
10000
3
10000
10000
10000
1
2
4
39
3
1
194
4
10000
10000
2
10000
52
10000
4
10000
81
123
10000
10000
6
7
10000
62
10000
2
10000
10000
10000
42
10000
10000
10000
91
43
10000
2
1160
10000
10
10000
10000
4
35
5885
487
10000
10000
10000
6
71
11
10000
10000
317
10000
6
2
2
10000
10000
10000
33
10000
61
1
6
36
417
10000
10000
103
10000
12
12
10000
2900
3
35
14
10000
7
10000
10000
10000
1
1
10000
10000
19
4
10000
10000
10000
10000
4
3
10000
10000
10000
7523
348
1
10000
1544
36
10000
10000
10000
10000
10000
5
1
13
2
37
393
1657
75
18
10000
10000
10000
1
10000
33
1
10000
34
1
460
1
10000
3
10000
1
10000
10000
934
143
1
7
11
2
10000
10000
3
10000
24
3
5
10000
10000
10000
366
15
5
1
1
77
20
753
5
10000
13
96
10000
19
203
10000
832
1
5
9
2
10000
128
10000
210
10000
2
10000
10000
10000
2
5
14
807
71
10000
10000
10000
10
10000
10000
36
10000
48
787
10000
107
2
10000
2390
10000
32
291
10000
336
9
10000
6
26
10000
1
10000
10000
10000
10
2
10000
10000
10000
10000
2
3
10000
2660
1
7
18
845
10000
10000
2502
10000
5
10000
2548
10000
4025
20
10000
4
2
27
416
10000
2
34
10000
1109
2
4
1870
10000
10000
9
10000
10000
10000
10000
10000
10000
10000
62
18
1
1
1006
10000
120
53
10000
161
20
5
10000
9
893
10000
10000
10000
10000
6
10000
10000
10000
255
2613
10
1
10000
857
10000
3
12
10000
5
1541
10000
18
22
10000
10000
2612
10000
10
2
10000
10000
9
315
10000
6547
35
1
231
11
10000
12
8
1654
3
199
125
42
10000
23
10000
1
4
3
10000
1
10000
130
9
10000
1240
10000
10000
10000
10
1
4
10000
670
1
17
11
2
10000
10000
4
4
10000
2767
2
10000
50
689
175
8
10000
16
2
460
4
10000
1
10000
10000
4
47
80
44
10000
10000
10000
82
10000
10000
10000
2453
2
87
14
10000
10000
146
10000
12
7
10000
41
143
19
1
3
10000
10000
1156
874
12
310
1
10000
266
10000
10000
10000
5
486
10000
183
10000
1043
4
4
10000
5
10000
55
10000
4
432
7
10000
41
2
1
10000
13
10000
3
10000
7
53
3
72
10000
10000
10000
3
32
10000
1
57
18
3058
10000
76
10000
11
10000
4863
1
10000
10000
10000
36
1
1
310
10000
2
10000
8
10000
23
342
21
10000
10000
29
1
3
10000
10000
491
11
8
2
148
10000
8
19
10000
10000
10000
3993
409
10000
10000
26
10000
10000
10000
24
10000
1
12
10000
10000
186
27
33
2137
6
5
10000
804
261
10000
1587
3
860
10000
88
258
40
303
49
10000
12
10000
7783
1648
1
6
1
10000
10000
10000
7
1
10000
2
10000
4
10000
7
40
10000
1
10000
4
1
17
10000
8
10000
4
10000
10000
1
3
23
10000
21
28
10000
1
3
24
10000
10000
1
5382
10000
168
966
4
10000
104
10000
565
652
257
2
6705
10000
10000
10000
1
5011
980
15
756
5
161
10000
10000
10000
182
1
1
2
2
278
1
10000
10000
10000
10000
1
3
10000
587
52
3
10000
10000
10000
10000
10000
17
10000
10000
1
175
10000
30
59
10000
3
10000
17
10000
10000
973
10000
210
10000
10000
1
763
10000
8
16
12
3
56
8
2
10000
10000
329
665
298
4
10000
6
10000
10000
10000
1
1
36
221
11
84
10000
10000
2
25
10000
10000
10000
10000
3
10000
1392
10000
6
7
10000
18
10000
2
82
379
10000
4
13
10000
10000
16
10000
374
1
15
10000
37
123
10000
10000
11
10000
2
10000
1
2
1
3
10000
34
138
6
10000
2
79
10000
240
306
24
10000
10000
10000
10000
22
2
10000
31
10000
7
2
140
206
17
2
10000
10000
1
256
28
2
37
10000
10000
4
10000
10
30
10000
8
10000
1
86
17
25
41
1
14
2032
10000
21
10000
25
1
8
77
2
10000
10000
24
10000
10000
1
10000
5
5
6
10000
28
10000
10000
2
10000
1
1
25
10000
30
31
19
148
6
318
10000
4
3592
19
10000
130
10000
2
3
2
10000
8
10000
6
10000
6
11
10000
10000
10000
10000
36
40
4
1
1
10000
10000
5
10000
162
572
10000
10000
10
10000
10000
87
37
10000
1
7
10000
10000
4
47
28
10000
54
7
1
10000
14
5
17
2
10000
369
8289
10000
1
118
1
5
15
10000
1
352
2
114
36
375
10000
10000
10000
10000
148
10000
1
10000
2
10000
10000
10000
1
10000
10
6
18
9340
10000
10000
10000
67
10000
10000
6
10000
419
12
10000
1
2
2
2371
10000
3
27
10000
10000
1
1622
20
2
2
10000
3
105
37
9
10000
1
12
3
10
1
1
10000
4
43
32
10000
1297
196
10000
10000
10000
10000
14
691
17
10000
54
2
123
10
10000
10000
12
21
57
108
10000
10000
10000
8972
10000
5075
3
10000
5168
11
3
524
10000
10
10000
32
10000
10000
2
14
10000
103
23
9
4
71
3
10000
16
1762
25
10000
30
940
2
13
1132
5
2463
10000
5708
10000
10000
12
10000
2
3
1
2
49
10000
2
41
1
10000
39
19
3
2679
10000
16
5
10000
10000
10000
1
10000
10
10000
28
2
109
44
45
5
2
34
10000
10000
10000
13
10000
38
2
2
10000
1
10000
81
1
10000
4
2
1
10000
10000
10000
10000
10
2
370
161
11
10000
1450
90
10000
10000
6
1
2
5
1
966
10000
2
19
255
5
495
9
10000
10000
10000
1
229
3
445
181
10000
10000
10000
10000
10000
10000
10000
129
10000
10000
10000
759
10000
10000
10000
67
54
4
10000
1
15
199
10000
20
10000
10000
6
5
10000
10000
3
2
54
3
105
10000
123
257
10000
8
18
25
40
8
10000
55
1786
10000
81
22
1
6
10000
5
10000
1
11
6
10000
110
5
15
10000
2
10000
168
10000
24
712
10000
10000
10000
10000
13
10000
6
1
3
1
10000
10000
3
60
10000
113
1
5
10000
10000
9
4
10000
27
10000
28
10000
40
2
1
1
155
8
13
10000
36
15
2432
10000
1
1357
10000
10000
10000
14
5
10000
1
426
1
2
1128
10000
20
10000
10000
1
61
10000
10000
81
10000
1
334
10000
10000
253
16
10000
766
6
63
998
1795
2
80
10000
1
10000
5
3423
10000
10000
11
1
3
10000
10000
10000
10000
40
10000
1
10000
10000
2
10000
3
10000
6
2
10000
5400
40
10000
10000
2
12
13
16
10000
21
10000
50
10000
10000
136
10000
10000
58
21
10000
4
10000
10000
1
16
11
19
1586
1
30
64
58
10000
33
10000
10000
10000
2268
1
10000
5
277
284
7
2
202
1
10000
150
1
11
17
8
50
23
104
171
6
1671
10000
201
10000
65
115
12
31
8
43
10000
3
10000
10000
4
17
10000
390
220
10000
1
10000
64
10000
1
240
1
149
190
30
11
10
17
264
10000
3
10000
10000
98
10000
10000
596
10000
156
2
10000
57
1
64
10000
10000
7
10000
123
32
1
8
29
1
4
6
5
1066
10000
10000
4
5
10000
10000
10000
10000
10000
10000
10000
4
2
10000
10000
10000
10000
10000
10000
46
10000
11
30
26
9
2
1
10000
10000
8
640
72
10000
10000
9
40
7
10000
10000
4
55
3
139
18
224
3214
882
1
10000
6284
10000
10000
1
10000
10000
1
10000
189
10000
2
6
10000
10000
1
3
8
1426
1
10000
376
1
196
64
10000
61
10000
786
19
10000
3
10000
10000
203
2
10000
8
10000
91
20
1
2
86
2
8
95
10000
10000
2
10000
194
10000
61
16
2
10000
4822
242
22
152
32
2
2186
1264
10000
1
332
9
486
4
191
29
1
250
6
55
1
6
10000
116
10000
2
2
30
2033
10000
10000
676
10000
10000
10000
3008
10000
100
1
10000
10000
10000
2
10000
1
10000
11
10000
10000
30
30
1
67
75
192
10000
1284
10000
10000
9
1
58
10000
1
10000
10000
5
1812
10000
10000
10000
10000
10
1
2
6
10000
10000
10000
10000
16
2
7
10000
10000
10000
10
10000
10000
6
1
15
10000
1
21
22
118
5
5
2
10000
10000
10000
10000
13
109
10
465
10000
10000
35
109
6
10000
417
1
10000
10000
141
69
10000
10000
78
2185
2
4
10000
104
10000
10000
20
9
2
32
77
15
10000
10000
10000
172
10000
3706
42
3
2
10000
5
28
11
10000
10000
4
10000
57
10000
1
22
6
1
49
9
747
10000
41
10000
16
10000
10000
7712
10000
10000
41
128
5
17
452
1
1
10000
2
7
31
10000
10000
10000
722
69
10000
10000
10000
2
10000
10000
134
453
10000
13
13
3
1
4
29
4
24
5
10000
1
10000
5
10000
10000
19
10000
8
1
726
2
3
1079
10000
6
20
10000
10000
5
118
10000
5
1
5
12
8724
10000
10000
23
20
1
10000
11
3
59
11
340
10000
72
10000
10000
10000
2
1
10000
10000
10000
10000
84
5
10000
7
10000
10000
10000
8
93
3303
10000
10000
14
35
3
10000
46
2
353
10000
103
10000
6418
10000
340
10000
1786
4580
6660
10000
10000
10000
10000
10000
10000
10000
10000
10000
39
385
10000
10000
5
3
1
10000
5
34
384
2
12
22
773
10000
112
1
510
7708
164
104
8
11
5
44
4
10000
1
1309
10000
1985
10000
1
612
112
2525
9
10000
1
1
1
9
98
10000
1078
10000
1
10000
10000
10000
1
2019
2
7
9
3
7
16
10000
117
38
10000
5
10000
12
86
10000
10000
352
10000
8
10000
2
10000
524
1
490
6
10000
1
30
10000
2
41
10000
63
1
10000
10000
235
728
10000
23
2
10000
5
58
10000
7
15
10000
974
19
119
10000
3
2
10000
10000
4
10000
10000
2875
10000
40
2
9
4592
10000
10000
10000
2
1
13
10000
3
3
23
10000
1709
7
10000
10000
10000
332
89
4
2234
4
10000
10000
10000
10000
349
509
10000
10000
1
259
220
10000
3
21
10000
12
120
20
2
10000
10000
1
2
2
3
10000
1
10000
5
10000
10000
10000
10000
571
6
10000
23
31
10000
10000
10000
10000
10000
56
4
10000
3
10000
10000
34
10000
150
104
10000
10000
1
23
137
10000
3
1481
10000
148
587
30
15
10000
4048
10000
4
7
10000
10000
1
3
769
4
1
3
10000
4
10000
52
10000
10000
748
17
7
2
10000
10000
10000
3
16
50
10000
11
22
10000
4
10000
1724
1
36
10000
10000
187
16
1
10000
72
9
25
10000
44
10000
110
10000
2543
10000
402
8
10000
10000
10000
10000
688
10000
10000
10000
4
5
37
10000
10000
10000
57
9
339
291
1
1238
10000
5
10000
1
15
10000
10000
130
8853
10000
9
10000
10000
1
14
10000
31
16
69
35
363
10000
10000
4
173
1
4
62
10000
10000
2370
6
10000
8
1
6
2
863
32
10000
157
29
10000
85
10000
647
10000
10000
10000
3431
10000
7566
6
10
17
10000
5
396
10000
13
10000
22
10000
10000
2
3
10000
33
10000
10000
6
5
10000
10000
397
255
477
10000
10000
45
2
10000
2
1372
2
10000
10000
10000
39
1
14
26
19
10000
289
22
10000
1
10000
10000
1
2429
10000
3
3
20
45
1
106
2
1
11
10000
7
4
10000
10000
10000
13
28
9
10000
10000
193
1686
139
26
10000
1
1
10000
232
6
10000
5
18
10000
10000
40
215
35
18
10000
8
7
10000
25
10000
3
2
107
10000
10000
11
218
10000
1
10000
10000
10000
2
2
56
1
146
13
10000
10000
6
10000
22
10000
4754
10000
10000
115
70
26
10000
10
10000
44
10000
10000
2
254
4399
10000
10000
11
10000
30
14
793
4
284
10000
10000
10000
234
10000
1
10000
10000
12
10000
1
10000
10000
10000
1
42
15
6
747
1
5
2
27
10000
4
3
3
148
2
10000
10000
10000
9514
10000
16
1
319
10000
10000
2
10000
10000
1
12
21
10000
10000
2906
215
72
10000
88
10000
10000
10000
67
27
10000
45
23
3
10000
383
4
10
10000
10000
10000
10000
4
38
120
10000
6864
1
15
9
16
13
10000
10000
10000
37
10000
2
10000
10000
23
10000
32
1
4
1
4
6
622
19
10000
68
88
9
74
332
1
68
3
2
954
3
10000
10000
5127
110
4
10000
3
10000
10000
3
10000
10000
5
10000
10000
1
2
10000
10000
2
12
53
1134
1
1
2
40
10000
1161
635
10000
34
10000
10000
8
4
5
377
10000
1
7
10000
16
10000
40
27
1
61
4
10000
1
5
401
9
1013
1
10000
10000
16
11
4300
153
3
10000
13
10000
3
10
290
3
8173
3
21
10000
9
47
20
2
10000
11
39
1
16
13
6478
10000
1
5083
7
10000
117
3
7114
10000
1
832
10000
51
2
336
10000
10000
10000
94
10000
10000
34
1
2
10000
32
1
1
3
15
6
1
133
3
10000
10000
9
7
35
10000
4381
10000
10000
111
26
10000
32
10000
10000
10000
1
106
10000
8
10000
465
1
10000
10000
36
988
4
30
10000
307
10000
11
28
3
10000
6
10000
3635
20
10000
3
10000
31
2
3
3
16
2459
320
8
67
174
6
10000
10000
10000
10
6
10000
9
4
10000
22
6
83
10000
19
5
4
114
10000
6
10000
258
43
80
41
298
4
12
1
19
8
10000
8
1
3
10000
1768
4
33
2
10000
2881
7
7
10000
10000
175
1
24
1
49
30
30
4
44
2
94
10000
98
10000
1209
19
10000
2630
303
78
10000
6
10000
5
39
3
40
386
10000
10000
16
10000
265
11
1
26
58
113
1
852
2
10000
166
2
10000
2
10000
267
10000
10000
247
59
10000
25
3
300
195
2
14
111
10000
10000
18
10000
188
37
14
10000
232
10000
10000
9
2121
16
29
62
41
113
10000
2
2
10000
2
289
10000
213
10000
9
10000
557
10000
11
1
1
10000
10000
75
31
104
17
10000
93
40
6
3
7568
461
17
22
11
2
10000
10000
2
11
10000
135
10000
577
10000
16
28
10000
12
279
1477
4
10000
24
10000
8
2
139
1
8
10000
30
11
10000
10000
4
10
52
10000
4
96
10000
10000
183
175
4
10000
84
10000
10000
1
10000
10000
1
3
10000
173
10000
32
10000
8
10000
963
3
4865
5
2
199
6
5
10000
80
147
10000
8
89
160
6
10000
3
699
16
10000
10000
174
10000
42
10000
10000
17
2
10000
3
332
182
10000
229
2
10000
9
10000
10000
10000
14
10000
6
10000
9
95
10000
7
10
10000
10000
19
9
2
10
1
1
113
9
10000
57
6294
10000
4
405
34
11
2
253
10000
10000
6
3
10000
1
10000
10000
10000
5
1
914
1
3
4
2
23
6
23
8
10000
10000
50
113
10000
384
10000
10000
10000
4
53
33
4
10000
51
10000
10000
10000
6
10000
157
301
10000
213
10000
10000
51
4
16
10000
10000
10000
10000
10000
113
2
84
7
861
64
112
10000
770
10000
1
10000
35
10000
10000
10000
10000
127
10000
70
71
10000
10000
10000
10000
657
13
10000
1
10000
18
19
10000
5
11
27
78
1468
10000
106
10000
32
130
10000
10000
3
10000
10000
341
86
51
7
23
6
10000
151
1
10000
10000
28
311
10000
8
8
10000
3
5
10000
10000
1
13
42
3
97
2
10000
2
80
10000
24
6
16
4
2
3
1
4
10000
2
10000
77
10000
1
5
10000
70
10000
10000
60
868
10000
1
10000
26
18
104
5
30
10000
1
10000
861
1
2
10000
3
1810
10000
10000
10000
2
26
10000
2
19
8
10000
10000
10000
200
22
10000
4739
10000
9
6
10000
10
2
10000
272
100
8
10000
10000
59
1
1
2
91
1
8
10000
10000
2
280
10000
5
10000
1078
7
1
10000
10000
11
32
95
2
1
12
8
9
2
12
7966
10000
4059
27
3
15
16
1
12
7
31
10000
60
10000
3
10000
307
22
10000
9
15
10000
1662
10000
12
12
7
20
10000
69
1
10000
1
10000
52
3
2746
10000
158
8
2
10000
6
1
10000
10000
1069
10000
10000
25
10000
9
10000
10
1
3
10000
39
10000
1
10000
10000
124
1
22
3
127
10000
94
62
3
10000
11
63
10000
10000
1
13
3
10000
10000
119
10000
18
3
48
10
2
438
10000
22
15
297
61
10000
283
52
67
10000
18
10000
10000
1
1613
458
1
10000
12
10000
11
10000
10000
68
10000
1
10000
10000
3
10000
2
193
5
10000
10000
10000
60
80
10000
205
157
2
39
13
17
195
10000
10000
1
31
24
10000
7
10000
8
17
139
199
65
5
2
5
3597
3
51
2
37
10000
10000
10000
10000
98
10000
10000
5276
10000
236
10000
1
7
99
76
10000
2
18
69
2
10000
5
32
101
22
19
10000
4
6
39
2
31
10000
9
1077
12
1
22
21
404
8
1117
10000
185
10000
6
76
39
2
10000
10000
1
13
6
385
6
4490
10000
52
10
45
10000
10000
3
10000
10000
10000
114
10000
12
1
291
1
3
15
10000
101
10000
10000
10000
12
10000
438
10000
2370
10
2
10000
3
12
12
10000
1
10000
10000
1
10000
1
3
52
19
10000
1
10000
1
10000
10000
10000
1
10000
88
10000
1
10000
41
10000
22
10000
227
10000
10000
26
10000
10000
553
1436
152
26
200
10000
10000
117
10000
10000
10
1
10000
10000
10000
1018
10000
3
13
27
10000
6820
9
433
10
10000
324
652
9
10000
12
10000
363
501
49
10000
8
76
14
2
10000
2
8
10000
2
21
5
109
10000
1
1
3
24
1
10000
10000
4
10
155
10000
10000
165
31
10000
3
10000
10000
11
53
73
4
10000
10000
4
2
8
10000
10000
16
10000
6
10000
3194
10000
7
3
10000
120
3
1
6
6
3106
1
9
10000
1
371
168
1134
2
7
1
2
10000
164
10000
2
69
4
2340
301
10000
7
6
10000
3
4
10000
1
1282
2
194
1
16
5
10000
10
10000
10000
7
1
98
10000
7
10000
5
10000
7
64
91
7
10000
1
10000
10000
10000
10000
1
2
101
10000
5
1
10000
10000
1
10000
1
3
19
1
10000
18
10000
10000
10000
10000
10000
10000
5021
7262
7
4
33
536
343
3
10000
2
1
7
10000
14
10000
4
10000
1774
10000
5
9
10000
353
2
114
11
10000
10000
9
444
1
10
10000
5
104
10000
10000
10000
10000
9839
3
10000
4
2123
66
10000
75
26
1
1
10000
3
45
10000
25
10000
10000
10000
10000
431
2
1
6
4
4
10
10000
157
10000
7
10000
29
10000
3
6
2633
2
4
10000
3
10000
10000
2
10000
10000
54
10
10000
115
10000
10000
3
9783
19
74
315
2
7
19
241
10000
1
2
72
10000
2
10000
230
1
2
10000
10000
10000
10000
4
32
10000
328
1
1
10000
2
1
4
10000
1
60
2
10000
10000
10000
504
15
1
10000
10000
70
3
1
4
25
192
2
49
126
55
10000
2
10000
113
535
4
10000
10000
10000
13
10000
1
3
10000
27
7
119
40
10000
1
1
3
257
10000
10000
1
765
12
3155
10000
10000
10000
6
452
21
1700
21
10
10000
10000
10000
2
10000
10000
10000
10000
1
2
2
26
7
3676
10000
10
1
9
10000
10000
2
1021
1178
10000
87
1
2
10000
10000
4
10000
15
5
45
10000
14
10000
7
128
138
10000
25
1140
1
10000
4
10000
10000
10000
3
10000
10000
1
5
10000
10000
10000
13
10000
19
6
11
448
10000
141
7726
10000
10000
10000
2
6
300
9415
35
10000
233
234
105
1
6
10000
10000
16
226
10000
11
3
10000
23
3
1
38
5
10000
366
10000
7959
10000
10000
3
4
10000
12
10000
1
31
2
92
92
10000
35
10000
9
81
20
10000
10000
10000
1
10000
10000
8
10000
12
10000
3316
10000
4
10000
255
5
10000
371
1
2
1
10000
2
4
21
2
2
242
245
55
28
10000
21
163
504
191
63
1
11
6
9
10000
10000
10000
10000
5
80
10000
4
31
1
92
1
58
11
229
10000
163
1
10000
205
10000
10000
9
15
10000
55
10000
10000
10000
10000
10000
362
3
5
94
17
10000
7
229
78
1178
10000
10000
5
1
33
10000
94
10000
10000
6
1
3
10000
10000
1
8
10000
13
4
81
10000
10000
10000
10000
10000
10000
10000
10000
10000
10000
10000
1
10000
10000
51
15
1
1
10000
2
1
1381
10000
10000
10
2
6741
1
10000
10000
5
1
10000
85
3
1
10000
10000
234
20
10000
191
16
10000
10000
402
10000
10000
10000
2
2
4
17
4359
236
1327
18
1190
7
254
14
10000
10000
33
286
10000
411
10000
1
29
195
1
10000
69
6
9
10000
78
24
99
1
14
6
6
4
1
15
8
10000
10000
10000
48
246
10000
4
10000
9
270
10000
10000
201
10000
3
1
86
19
718
10000
10000
10000
12
16
26
43
22
10000
10000
7
10000
10000
10000
6
1
10000
10000
10000
1
10000
10000
26
10000
10000
10000
3
10000
470
10000
10000
10000
10000
2
10000
9
386
2
10000
10000
12
18
3
10000
621
10000
387
10000
49
7
10000
10000
10000
17
10000
25
13
10000
3
291
1974
10000
57
7
10000
8
10000
4
437
1
10000
10000
10000
1141
1
10000
10000
8
10000
66
7
10000
256
128
10000
16
3
10000
3
1
6
2319
10000
139
18
1
10
3
95
1
2
10000
10000
7
10000
10000
2
1
353
10000
1
10000
16
10000
4
10000
1
10000
6
109
13
11
10
242
10000
2
5
34
1633
408
16
12
4
10000
10000
10000
23
1
10000
6
61
54
25
10000
12
10000
10000
322
8
10000
10000
2840
6
120
10000
10000
13
31
1
133
1
10
10000
1
10000
2
10000
28
162
10000
3
10000
2
26
4
34
1
6
3
10000
3
9
2
9
10000
33
90
10000
5
42
10000
8
2369
10000
103
11
44
76
8
10000
10000
1
11
35
10000
10000
5
10000
10000
10000
2455
10000
10000
10000
1
1
7
2
681
10
223
10000
4
6
6
1208
718
10000
344
10000
10000
55
1
6
212
10000
33
10000
94
6
10000
42
3
3
1
10000
1
10000
1
2
10000
2
1
2
24
6
59
10000
4285
10000
1
10000
1
4
10000
253
3011
9
10000
3
283
10000
10000
10000
620
10000
10000
10000
10000
30
3
26
10000
10000
10000
157
12
374
1
1
10000
2
10000
10000
8
10000
1
5
1
9
10000
108
10000
10000
79
6089
21
10000
179
7342
11
11
10000
6
64
2
58
19
2
1
10000
237
10000
20
69
10000
175
10000
1
1
5
10000
2
10000
8
10000
451
200
4
2
4
10000
10000
3
10000
25
10000
12
15
4
4
2
5
10000
10000
4
559
74
4118
383
19
1
33
10000
24
2
40
10000
10000
2
10000
10000
10000
3327
469
14
1
10000
10000
10000
151
19
10000
3
4
10000
10000
924
5710
174
10000
60
10000
51
10000
7
10000
548
94
771
14
10000
4
7
10000
25
168
10000
10000
11
150
9
1
10000
35
304
10000
10000
10000
35
10000
6
3
60
2
4
1
4198
14
10000
10
10000
10000
2
10
10000
40
497
10000
10000
32
308
3
3509
5483
1
325
10000
10000
23
1
13
22
7
10000
10000
55
2
10000
1
8
10000
7
202
73
669
3772
10000
10000
1
2
28
6
45
1
204
10000
3
38
10000
5
10000
3
10000
7
4
13
25
2
17
4
10000
6
10000
31
10000
10000
10000
58
10000
10000
163
5
5
20
10000
143
5
3
10000
5
10000
241
2
10000
10000
184
14
524
10000
20
134
20
10000
23
10000
10000
10000
10000
10000
10000
14
7
10000
7
10000
1
36
108
12
10000
32
250
10000
10000
1
21
9
2
379
1
10000
1
10000
10000
10000
65
10000
3
2263
4
15
10000
10000
589
1
10000
17
72
406
1
10000
10000
497
11
511
70
10000
1
614
2
2
10000
10000
3107
1019
21
843
7
70
85
9
5
10000
21
8103
7
36
10000
21
102
10000
10000
232
10000
15
3
1
183
10000
10000
10000
10000
2932
149
10000
9
10000
12
10000
75
10000
44
1
16
2
10000
10000
4
10000
3
56
1
10000
501
5
1
5
2
4385
10000
1
10000
10000
10000
532
1
13
10000
10000
4384
96
10000
10000
146
10000
1
2
15
10000
3
2
10000
10000
10000
82
10000
2
13
12
8
5
10000
14
45
2
10000
815
1749
10000
3
10000
1
10000
10000
40
5
15
2
2
1
8
10000
4579
10000
1
18
10000
7
74
5
10000
116
1
7
1
2
30
10000
588
10000
10000
10000
10000
2
10000
1
10000
10000
10000
9
1
5
11
10000
10000
10000
9
101
10000
10000
10000
10000
10000
2
10000
10000
10000
67
14
10000
71
7
11
12
88
10000
5
1189
18
3
10000
96
3
10000
10000
44
10000
10000
14
28
48
10000
2
8
6
10000
10000
11
8
5
10000
10000
2048
3
12
46
10000
54
10000
10000
131
178
1
3
10000
10000
53
1
10000
59
4
293
10000
10000
10000
2
27
1
29
111
8
7
10000
23
30
283
10000
10000
32
10000
10000
58
37
10000
3
2
10000
2
40
67
10000
10000
1
583
10000
4
151
10000
1
10000
10000
10000
10000
10000
10000
10000
10000
10000
49
737
10000
10000
1
83
326
10000
3968
17
1
10
10000
3
111
10000
39
10000
2
75
1542
140
10000
10000
702
4
2
90
10000
61
10000
11
10000
7
64
5
42
1
271
24
10000
4
10000
10000
401
4
2
10000
10000
6
207
4
6
11
5
359
2
10000
6
390
58
10000
6
10000
54
60
3
4
10000
4
1
101
3
356
102
10000
2
3
10000
17
3
10000
10000
37
10000
155
5
10000
10000
29
10000
4
10000
10000
1
10000
10000
10000
14
10000
10000
30
10000
5
3
51
2
1
9
10000
10000
10000
1
2018
10000
213
10000
10000
10000
5
23
10000
42
10000
2
18
161
4
36
10000
10000
9383
19
29
16
10000
1
68
6
10000
41
4002
10000
10000
872
1
8
1138
10000
10
10000
2
10000
27
4
10000
10000
10000
267
10000
7
2
2
10000
246
10000
10000
10000
5
2
10000
167
2
2
125
211
10000
2
284
5
6
5
4
473
180
10000
2
17
21
25
297
10000
10000
409
570
10000
10000
1
4
10000
28
10000
12
1
1
10000
1
10
10000
10
10
4
18
10000
4
12
10000
1
10000
20
10000
10000
24
10000
10000
14
10000
1
10000
9
12
10000
9
1
2
10000
2
10000
2
246
10000
1162
10000
55
10000
48
10000
5176
10000
19
2
10000
18
18
10000
10
10000
10000
10000
1
5
3
10000
6
10000
40
10000
9
10000
3
10000
55
5
2
22
2
346
21
11
22
3
10000
373
10000
3
10000
106
10000
2
9
3
14
84
10000
10000
2
44
157
10000
16
2
10000
10000
10000
10000
3
45
44
10000
2140
52
8
108
1
10000
146
10000
4459
10000
10000
4
2
10000
3
3
10000
3
414
2
10000
6
10000
50
3538
10000
10000
10000
10000
10000
10000
21
10000
10000
10000
1574
22
10000
10000
353
101
10000
18
3
3966
1
1670
67
10000
10000
3
10000
10000
1
60
292
10000
10000
262
3
2
10000
247
170
1
10000
4
10000
62
10000
11
31
10000
10000
54
8
4
2
5
10000
10000
130
1
219
4
10000
23
10000
2
65
2
2098
10000
10000
132
12
55
10000
7
1
1
10000
10000
5
4300
28
10000
20
1
212
8
4
10000
10000
9
336
10000
1
10000
1
10000
315
3
10000
6
10000
3535
2126
3
10000
1
10
1
3
23
4
10000
10000
4877
9
1
80
3
10000
10000
486
17
10000
10000
10000
25
1
10000
25
38
13
17
13
24
1835
8
10000
6
13
14
44
70
10000
1
10000
436
9
142
54
796
96
3114
4
10000
6
10000
1
1
10000
1
10000
420
1
1
917
1
729
3
10000
4
10000
106
11
2
94
10000
1
2
10000
10000
10000
22
24
1
1175
1
10000
12
5
7
10000
3444
8
39
10000
10000
10000
26
93
69
1
10000
10000
39
10000
18
1
10000
10000
10000
20
3
3
1590
21
370
46
78
10000
1301
1
29
10000
10000
7
4
10000
3
78
8536
13
10000
21
93
10000
61
3458
10000
10000
10000
754
1
200
4
9
49
28
5
8
1
98
3442
121
10000
2
29
46
10000
10000
3
39
10000
861
10000
10000
10000
12
18
55
8
2649
645
148
3
13
10000
10000
10000
6
66
1
10000
35
10000
13
10000
10000
2
1390
1
10000
10000
2
20
10000
10000
10000
10000
8
3699
17
10000
10000
10000
1
16
10000
77
3
10000
2699
154
48
10000
43
171
16
4
1
10000
10000
36
4
4
10000
10
2
1
10000
10
10000
10000
16
1
30
10000
1
256
10000
10000
6
10000
4
1
10000
10000
1
10000
4
1006
1
10000
63
1
10000
10000
27
10000
5
1133
10000
1
1554
10000
10000
10000
5
5
38
10000
10000
10
1
10000
10000
2818
1
10000
10000
10000
7
10000
10000
4
4461
8742
10000
18
71
12
10000
10000
46
51
7
1
10000
3
10000
9
10000
64
10000
10000
334
1456
10000
476
10000
2264
10
10000
10000
3
13
2
3
10000
10
13
10000
68
111
4
7689
9
5
22
12
10000
3
10000
10000
17
10000
10000
10000
10000
73
244
15
15
10000
10
10000
10000
144
10000
210
1
1
25
10000
9
10000
19
10000
1
10000
208
10000
7
10000
10000
10000
63
10000
17
10000
2
10000
47
1
8
10000
10000
10000
368
10000
244
103
1
2
23
10000
10000
10000
10000
808
107
1
1
10000
2
10000
20
28
4283
1
10000
10000
10000
10000
10000
6
283
10000
21
2
10000
10000
10000
63
209
10000
7
1
99
34
10000
1
1
10000
841
2
5
10000
4
10000
10000
4
12
189
10000
10000
10000
5
10000
10000
2
10000
2
10000
6
10000
10000
4
83
104
10000
10000
17
31
365
3
10000
53
25
229
2234
10000
10000
1
15
30
10000
35
3
10000
1
1
10000
10000
849
1
7
67
10000
10000
10000
10000
2395
10000
8
10000
10000
10000
10000
1
10000
10000
10000
49
194
1844
1
10000
12
19
10
10000
121
181
178
10
1
120
3158
2
10000
5
10000
6
10000
10000
89
10000
10000
10000
10000
10000
75
844
41
10000
2
5
10000
4
20
9
10000
10000
10000
4049
28
9
1
10000
10000
7
10000
10000
10000
70
5
10000
221
1
7
96
2
10000
10000
10
47
7
10000
10000
7
2
13
1
10000
2348
31
10
10000
10000
10000
10000
2
116
107
62
8
28
10000
7
7
105
34
10000
6
27
14
1659
10000
28
10000
10000
10000
20
1844
655
75
10000
12
7
8
139
5
10000
1
17
1276
7
23
10000
10000
10000
148
10000
10000
6
31
6
15
10000
1
10000
16
39
23
46
10000
306
3
21
85
10000
10000
10000
10000
10000
4490
10000
1
2
10000
23
308
16
1
10000
10000
11
10000
10000
791
5
1
496
29
13
10000
4
309
203
10000
10000
26
1
1
2786
84
10000
42
7
2075
5
10000
10000
10
10000
1
2
2
10000
10000
1
94
14
5
10000
83
181
27
18
13
1
1
4
43
29
1
27
10000
1
10000
3
4
16
84
34
1
2
48
4
10000
10000
10000
1275
10000
1
2291
10000
10000
141
10
1
18
4
27
106
3
1
1
45
5
10000
40
10000
10000
10000
6
4
10000
40
41
12
10000
16
2
10000
72
1
57
2
10000
5
10000
10000
10000
9
1708
9
31
1
1
10000
13
312
92
525
7
1
1
10000
10
10000
10000
10000
10000
83
10000
3
64
1277
10000
2
41
10000
70
215
317
10000
85
10000
10000
76
1
26
10000
477
6
4
10000
40
10000
27
1
402
10000
10000
10000
30
278
10000
7
3
19
440
69
2
10000
11
5
10000
3
5
10000
34
138
10000
10000
10000
10000
1
1
10000
3
324
171
7
10000
2
10000
10000
7
44
1
3423
2
10000
5
1122
315
10000
10000
3694
10000
4
3
10000
26
10000
10000
12
3
49
3
10000
10000
118
10000
15
10000
51
10000
160
10000
143
10000
1
119
945
10000
10000
1065
20
1
1
5
1616
89
3
10000
6
23
10000
1
10000
10000
29
10000
10
10000
1
10000
10000
10000
5
2532
8
384
10000
10000
10000
10000
58
11
622
1
10000
19
11
5
10000
697
26
10000
10
4
10000
1
10000
31
1
1
1
2
10000
10000
10000
10000
10000
10000
10000
10000
48
2
21
1013
3
3
3
3
10000
10000
294
51
505
6
10000
2
55
10000
632
8
10000
1
51
192
25
10000
1
55
10000
10000
10000
10000
3
7
101
10000
5
10000
5
8
4
10000
12
10000
10000
7
11
206
10000
10000
274
10000
10000
5
10000
10000
10000
1
10000
160
3
155
1
3
473
11
16
2
1
10000
3
10000
2
16
9
10000
10000
10000
3
10
78
1
1
10000
4
15
10000
47
10000
10000
1
10000
10000
38
39
1
10000
2450
531
55
10000
10000
99
3361
23
4
3097
517
10000
10
10000
2
2
6
1
4
296
958
549
10000
1
33
969
21
1
33
10000
10000
10000
10000
16
1
10000
10000
10000
1
619
27
7
4543
10000
65
2
10000
10000
31
1368
115
52
75
2
6
10000
1
7
11
10000
2359
10000
4
10000
1
3
7
10000
1193
10000
10000
10000
7
13
1
55
10000
8
24
2
10000
1129
10000
1
10000
10000
7
10000
10000
15
10000
9
10000
10000
6
2613
2149
9
2
819
10000
4
10000
10000
10000
5
14
1
10000
41
1
1
10000
205
6612
1
28
14
194
10
10000
20
20
4
6
290
307
18
62
1
3
4
10000
4
3
28
137
682
23
4
1
10000
10000
6
10000
10000
16
895
29
4389
149
2
92
1
142
4
19
10000
3
169
2968
10
1
10000
7470
10000
10000
20
61
8
9
10000
10000
10000
300
10000
8
6
3
3
10000
1
10000
10000
4
1
1473
1
1
2
10000
15
271
28
2
10000
126
210
43
127
17
1
1476
2
10000
13
73
7
10000
10000
10000
80
1
10
14
10000
10000
159
10000
29
10000
10000
10000
10000
10000
2
2
48
10000
13
143
26
10000
2
10000
4338
10000
1
868
10000
8
10000
10000
6
4
6
3746
1585
4
334
10000
17
245
1540
2
10000
9
34
9
10000
1
10000
14
5
145
10000
5789
10000
880
37
10000
616
3
3
38
242
103
10000
10000
1
1
1
265
10000
27
4
10000
19
10000
662
10000
468
10000
10000
10000
10000
2
30
10000
28
6935
4
277
166
1
6
1
10000
70
10000
10000
5
50
21
18
51
74
10000
50
47
98
35
61
10000
7219
4
2
10000
1
6335
741
3
32
12
418
530
10000
4
95
10000
2
10000
10000
14
10000
38
738
2327
141
102
10000
2
10
10000
509
10000
1499
10000
2970
10000
10000
18
10000
450
10000
10000
901
10000
2
2
5
18
10000
60
10000
10000
10000
2
316
12
10000
2
10000
10000
10000
28
10000
38
2
10000
5
10000
5
10000
59
15
3
10000
61
1
100
6
80
1
10000
12
10000
10000
9
10000
1
8
10000
10000
4
1
10000
130
10000
10000
2
185
1
10000
4
1
235
6
10000
178
848
1
1
3
2
14
11
892
2
10000
8
10000
10000
3
1
48
10000
10000
19
25
10
188
6
10000
8
88
10000
2
84
74
32
10000
211
48
226
10000
10000
1
10000
10000
10000
6
2
2
10000
8385
10000
10000
10000
10000
262
1
10000
10000
9
2
2
1
10000
69
24
91
6
10000
10000
10000
10000
10000
10000
71
10000
125
131
11
10000
23
1
10000
1
10000
10000
10000
10000
10000
10000
306
10
5
10000
4
10000
140
2
1
1
10000
10000
10
10000
10000
1
386
10000
8
1
881
10000
10000
4
9
132
10000
10000
10000
10000
431
513
126
10000
10000
1
1
2
10000
27
17
10000
4
10000
15
10000
442
10000
10
10000
1
11
26
10
10000
39
10000
10000
3
16
10000
10000
10000
10000
37
10000
22
1
32
4
10000
5
10000
1
10000
2
57
1
15
2
10000
9
188
10000
2
8
10000
10000
2
1989
437
3
10000
6
10000
8322
10000
4
3
10000
4
1
17
10000
10000
1
3
10000
3
1
229
10000
10000
10000
1
10000
4
1
10000
3
36
6
100
10000
10000
11
10000
7
46
1542
10000
10000
1
15
28
10000
10000
6
10000
1
6
64
10000
1
14
10000
10000
10000
9
10000
39
1
10000
3
5
28
10000
10000
61
2
2
575
8
32
1
10000
583
10000
509
17
10000
4
10000
118
10000
34
1
16
1
7
99
10000
1
10000
3
227
10000
113
108
10000
1832
20
2
672
52
10000
10000
93
24
8
4
54
2072
10000
1
170
11
10000
473
141
8
10000
10000
10000
10000
8
3021
72
14
18
7
10000
10000
10000
1
10
10000
970
10000
12
69
10000
10000
34
10000
10000
10000
9
10000
10000
71
36
10000
26
10000
10000
10000
10000
20
10000
10000
1
14
10000
1029
15
10000
10000
2
10000
2
5
79
9
10000
15
10000
788
11
10000
17
12
10000
10000
10000
2
10000
1286
10000
2
41
118
4
856
416
689
171
9
2230
1
10000
5
10000
10000
3
10000
10
7407
1
10000
10000
74
5
1
2
10000
10000
10000
1
10000
2
33
47
19
10000
96
2
10000
1
1
1
10000
10000
3
2
5
10000
19
10000
1
10
7
10000
74
4
10000
10000
10000
12
10000
2
1
1
3
10000
1
10000
9
4282
28
49
3
28
10000
10000
10000
3
101
1146
10000
13
293
435
2
9
19
10000
10000
1773
4
192
2
10000
3
1
221
1
8
342
1
1205
11
7
10000
6
10000
11
98
2
40
5
2
15
28
3346
6
10000
2
10
4806
1
10000
10000
10000
10000
10000
2
21
19
10000
10000
10000
105
6
10
10000
1
14
21
10000
213
10000
10000
10000
10000
1
10000
10000
35
1
447
2319
10000
10000
27
45
10000
15
10000
229
10000
10000
9
10000
24
10000
10000
10000
10000
2
8
10000
342
10000
10000
10000
1234
115
200
30
10000
9
10
7
10000
10000
378
10000
12
1
10000
95
10000
4
3
32
2
10000
1
10
1
1
10000
172
10000
10000
234
18
10000
37
10000
10000
2
10000
2
10000
6
10000
10000
6
21
10000
46
18
228
1236
10000
14
72
10000
10000
10000
52
10000
3
10000
12
10000
10000
10000
319
10000
2
10000
10000
23
4175
59
6
177
10000
10000
2
3
10000
5
1
3
4
18
444
7313
10000
11
284
7
4
3
10000
10000
2
5
10000
3
10000
10000
1
3076
10000
51
17
1
10000
10000
44
10000
4563
16
8
2
10000
18
40
10000
10000
1953
10000
10000
1
10000
10000
8
10000
2
157
1731
4
17
2
1
76
15
2
2
10000
10000
10000
10000
1
10000
10000
10000
563
511
14
6
10000
9
123
62
10000
32
10000
63
10000
20
270
10000
2
173
42
45
10000
30
10000
22
10000
4
10000
10000
1
183
10000
10000
271
3
1148
3
41
46
1
52
552
14
354
10000
6
10000
1051
17
10000
5
175
7
10000
8
10000
1
3
1
10000
10000
42
7
22
6
328
3
22
5
3
4
1
1
10000
32
319
4
10000
6
4
5
5
10
258
10000
2
10000
10000
9
266
3
1
7
123
3040
5362
6
10000
1
39
3639
343
10000
3
10000
10000
7055
524
10000
49
10000
10000
10000
10000
35
42
63
10000
1
46
10000
60
28
10000
54
10000
10000
10000
16
2499
13
39
9
8
3
10000
10000
4
4
7
48
10
8
10000
3
10000
10000
402
10000
3
1
200
12
5
10000
1436
10000
6
10000
1
4
10000
10000
41
11
1109
67
1991
5
10000
10000
8
13
25
677
10000
12
89
37
1
4
8
10000
13
1
257
10000
4
10000
9
400
10000
9
28
382
2
81
10000
12
18
10000
10000
1
10000
91
42
10000
11
10000
46
10000
2
10000
10000
28
10000
10000
25
1
1
10000
1333
10000
23
2
8
10000
10000
64
10000
4
10000
10000
6
102
4
10
10000
10000
10000
2
10000
18
36
10000
14
4
10000
10000
18
2
621
10000
10000
10000
47
2
816
2
6430
1
10000
32
10000
4
3
8
21
1
10000
2
7
4
73
1
6
14
10000
150
10000
10000
10000
153
5
4
10000
7
14
32
10000
10000
295
44
10000
10000
4
25
10000
13
153
49
9
2
202
1
7
9
47
149
11
10000
566
27
94
2
10000
1040
10000
11
84
3
744
10000
10000
10000
6
2
332
781
172
10000
16
88
26
1
3
10000
23
81
1
20
11
1
618
10000
14
10000
3
10000
16
10000
10000
10000
29
10000
5649
1
2304
2
9
4
2
393
10000
70
10000
2
20
280
2
10000
9
63
9681
10000
21
10000
10000
6
5
10000
11
10000
1295
10000
2
141
10000
712
10000
4
10000
10000
296
10000
1524
1
10000
172
231
10000
148
24
5
14
4
5
10000
10000
10000
5
56
6
1
10000
4
10000
1
10000
1954
3
14
3
300
46
10000
12
10000
4
4
391
10000
55
10000
6
5
24
27
1
498
6
1
36
17
214
12
58
11
10000
3
6102
4
10000
24
149
1
12
1
10000
10000
6
9
9
15
28
10000
1
1008
57
10000
10000
2
11
688
511
27
10000
2
10000
7
10000
1
2
61
4
56
10000
10000
10000
34
10000
10000
86
160
2
1
4089
10
101
10000
103
596
10000
51
3
3
265
46
5
10000
163
10
309
40
10000
1
10000
41
42
1
649
10000
1
3
211
7
53
10000
10000
894
10000
2
7
10000
9
2
145
14
359
1
4515
10000
10000
5
134
276
3
3916
10000
642
10000
4
9
305
10000
3
28
10000
4800
7
10000
10000
28
54
3
10000
2417
15
1109
10000
1
875
10000
40
10000
333
5
10000
10000
625
3
5
4
10000
3649
10000
4
10000
971
42
2
117
10
4802
28
197
25
410
12
10000
10000
30
10000
10000
116
10000
1
29
10000
3
5
39
4
10000
10000
829
10000
4511
10000
1
145
63
1
10
15
1
31
1
10000
203
6
10000
10000
20
6
1459
10000
10000
1
3
10000
3
10000
53
2
4
4
10000
86
10000
21
10000
5
10000
4
73
10000
1
16
37
10000
4
43
20
472
10000
10000
3
10000
10000
6
30
1
10000
16
15
20
2
460
27
10000
10000
15
10000
10000
23
5447
19
10000
45
5
10000
1470
10000
10000
1
12
336
28
10000
2
10000
10000
17
3
7
38
10000
238
3
10000
75
10000
10000
22
7
10000
27
1195
1
10000
113
10000
10000
6
122
1
10000
1
10000
1346
12
5
10000
10000
499
52
18
10000
10000
3
10000
427
8
172
2
10000
697
64
4
123
370
10000
4
5
10000
17
1
33
244
1
10000
10000
30
349
2
4809
8751
10000
2576
129
16
9
2
178
10000
10000
10000
11
10000
10000
95
1
10
10000
10000
10000
51
10000
10000
143
10000
111
10000
10000
2
185
12
1
10000
20
10000
13
10000
10000
27
14
10000
18
122
15
4141
5
10000
15
29
10000
1695
151
39
28
10000
185
10000
33
581
32
41
10000
1
6
10000
1
7
8860
28
6
2
10000
1811
63
14
10000
127
21
17
10000
10000
47
11
10000
411
10000
7
35
1074
10000
1
560
13
10000
10000
2
10000
10000
10
10000
100
5
10000
10000
10000
10000
10000
10000
10000
14
273
5286
10000
1
1
1
10000
3
16
1
3
10000
1
13
10000
3
2
9
10000
10000
59
10000
2
10000
10000
1
1290
10000
2
6
109
1
10000
10000
10
10000
16
4
10000
326
10000
10000
4
10000
1
91
10000
10000
91
6
14
10000
33
5
17
9
18
1391
10000
39
10000
10000
281
10000
55
7
30
106
10000
7
4
10000
1
20
1305
124
4
1
1
6
53
1
527
10000
33
121
1
10000
114
10000
7
10000
1
144
4
897
10000
30
1
6
1
3
10000
10000
1
248
17
26
11
10000
6
3
1130
25
9
10000
3
1644
10000
10000
10000
5
10000
10000
1
1
23
10000
10000
21
16
10000
1
10000
10000
5501
26
3
10000
10000
47
10000
8
200
10000
4
4462
10000
8
4
12
10000
926
10
8
27
10000
10000
2
10000
1341
4
10000
