10000
10000
10000
1077
10000
1016
10000
10000
10000
5719
10000
367
145
10000
10000
197
10000
10000
10000
263
10000
1128
10000
10000
543
1486
10000
407
10000
358
10000
10000
10000
10000
10000
10000
1416
2615
2
10000
1578
10000
10000
10000
10000
10000
27
2629
9
1155
6
761
3646
10000
10000
10000
10000
58
10000
2146
10000
10000
10000
10000
677
10000
8128
10000
7978
10000
10000
103
19
7059
42
42
10000
26
5
10000
10000
10000
10000
10000
10000
4954
10000
10000
10000
1699
10000
347
10000
60
10000
10000
10000
2833
10000
10000
10000
10000
10000
10000
919
10000
7
10000
10000
10000
5337
10000
11
10000
10000
10000
10000
10000
39
10000
10000
10000
10000
33
17
10000
491
10000
10000
10000
10000
10000
600
10000
10000
10000
10000
10000
10000
14
10000
10000
7117
10000
10000
10000
181
335
1136
2145
10000
10000
496
2
10000
10000
114
151
10000
5
10000
10000
10000
10000
10000
8600
10000
10000
4
10000
10000
10000
10000
10000
10000
160
89
22
10000
10000
1109
1708
92
2711
6
10000
10000
10000
10000
10000
10000
10000
10000
36
10000
10000
60
28
10000
10000
10000
10000
2
4814
10000
1435
289
3913
10000
10000
10000
10000
10000
10000
10000
10000
4636
10000
10000
887
6673
10000
10000
10000
15
251
10000
316
919
10000
125
717
1694
10000
10000
56
10000
1
10000
10000
32
10000
10000
10000
326
66
320
10000
31
552
10000
1104
10000
10000
10000
740
10000
10000
208
10000
10000
959
10000
10000
10000
10000
10000
10000
10000
10000
10000
90
6
8004
10000
10000
10000
10000
10000
10000
839
10000
10000
10000
87
10000
10000
2649
5846
10000
815
10000
10000
10000
10000
10000
10000
10000
10000
5
10000
10000
6
4725
10000
91
10000
10000
10000
10000
79
249
10000
10000
10000
10000
576
10000
10000
95
10000
2800
4407
17
2397
360
10000
1509
128
10000
10000
778
10000
10000
10000
10000
100
116
10000
10000
123
10000
10000
10000
10000
10000
10000
10000
10000
838
10000
3398
80
473
155
4670
10000
162
10000
66
10000
10000
10000
4327
10000
10000
10000
10000
105
263
10000
10000
44
10000
505
10000
10000
3229
10000
10000
10000
7
1019
10000
10000
10000
9663
67
10000
10000
10000
10000
10000
7757
10000
2146
10000
10000
4263
10000
4
9
4026
10000
8136
10000
10000
6671
738
5065
5047
10000
10000
27
10000
27
10000
10000
10000
2382
10000
10000
10000
10000
10000
10000
105
10000
10000
743
10000
10000
10000
10000
6635
4
10000
10000
10000
518
1014
10000
1037
10000
10000
10000
119
2924
10000
10000
10000
10000
180
17
553
338
936
2883
10000
10000
10000
10000
10000
10000
10000
10000
16
10000
4466
54
10000
10000
102
31
79
370
10000
194
10000
10000
10000
10000
10000
10000
10000
10000
43
10000
10000
10000
629
3039
10000
10000
1
10000
10000
4
10000
42
2023
10000
1
10000
10000
10000
870
10000
1
10000
10000
1137
10000
10000
5003
58
10000
191
10000
10000
10000
13
4102
10000
50
10000
10000
10000
10000
10000
10000
10000
675
10000
427
10000
4981
235
795
5925
10000
10000
10000
10000
10000
63
980
10000
405
10000
185
19
10000
10000
10000
10000
1051
10000
10000
10000
10000
10000
10000
951
1946
6
10000
10000
10000
10000
196
10000
10000
10000
10000
10000
10000
5182
116
10000
4027
6328
241
32
10000
10000
10000
10000
8942
2089
1116
10000
1408
4
10000
10000
10000
10000
10000
10000
2626
10000
1236
10000
10000
72
10000
10000
67
10000
22
10000
10000
10000
10000
63
10000
10000
73
4752
36
10000
10000
32
245
10000
843
212
10000
10000
10000
265
10000
2390
10000
862
10000
3
14
10000
967
10000
10000
2957
10000
199
10000
8608
10000
10000
10000
10000
10000
10000
10000
10000
22
10000
34
10000
5555
10000
10000
10000
10000
10000
10000
10000
10000
10000
399
10000
10000
10000
10000
10000
7099
10000
10000
236
70
4210
10000
10000
10000
10000
10000
7
303
146
10000
10000
10000
10000
1
58
154
10000
10000
10000
492
10000
8235
10000
4366
10000
205
2518
10000
10000
29
10000
10000
2735
10000
10000
10000
10000
177
10
10000
6029
10000
751
10000
10000
10000
10000
1608
10000
10000
10000
10000
10000
10000
10000
10000
10000
10000
385
1436
3403
10000
10000
76
10000
10000
1463
10000
691
10000
3396
10000
10000
181
10000
3356
467
3
10000
10000
10000
571
49
10000
10000
10000
10000
1240
10000
10000
10000
10000
10000
10000
10000
10000
10000
10000
10000
10000
10000
218
10000
10000
5
10000
10000
10000
10000
10000
10000
476
10000
40
10000
935
55
10000
10000
68
10000
899
10000
11
3143
597
10000
386
470
10000
10000
10000
10000
10000
24
10000
169
392
223
10000
10000
10000
10000
10000
401
10000
3238
10000
10000
10000
10000
49
10000
159
10000
7499
10000
10000
10000
10000
1544
275
10000
6009
10000
11
738
10000
293
864
2449
5082
5031
10000
217
1442
162
10000
10000
10000
10000
115
1426
10000
10000
10000
46
310
10000
10000
10000
834
10000
399
10000
10000
10000
44
10000
13
10000
10000
10000
10000
3
10000
10000
10000
31
10000
10000
15
10000
46
4745
661
92
10000
10000
10000
10000
10000
3381
10000
10000
10000
10000
10000
616
39
10000
10000
49
10000
10000
10000
10000
11
1708
10000
1
10000
10000
10000
10000
10000
10000
10000
256
10000
2100
10000
10000
10000
1532
10000
10000
4016
10000
22
10000
10000
10000
10000
391
10000
3128
10000
10000
10000
10000
10000
1315
10000
10000
10000
10000
10000
5384
148
7722
10000
529
10000
10000
865
10000
10000
10000
10000
2066
10000
898
5095
11
10000
10000
10000
10000
1197
115
10000
10000
10000
12
10000
13
10000
10000
10000
43
10000
10000
10000
10000
10000
10000
10000
10000
10000
3292
1279
1076
10000
10000
10000
10000
273
134
10000
10000
10000
10000
10000
33
3138
10000
28
10000
337
11
435
10000
10000
10000
10000
10000
10000
152
10000
1
6
3042
10000
10000
6985
185
10000
10000
10000
10000
1084
10000
10000
10000
3175
10000
10000
10000
10000
35
10000
351
5083
10000
10000
10000
112
10000
10000
10000
10000
1064
10000
10000
10000
10000
10000
252
5297
3706
10000
10000
83
10000
4
2675
518
10000
1699
10000
1382
10000
10000
10000
393
86
10000
10000
10000
10000
10000
10000
10000
10000
10000
10000
14
10000
10000
10000
131
197
10000
10000
10000
10000
10000
10000
10000
10000
3135
10000
27
532
10000
10000
1893
10000
10000
10000
8808
4532
10000
10000
2113
10000
10000
10000
10000
10000
10000
10000
6
10000
10000
10000
10000
10000
10000
10000
10000
10000
10000
10000
4979
7895
159
10000
10000
78
60
565
10000
10000
10000
3121
330
10000
10000
10000
10000
10000
10000
1279
588
10000
10000
25
10000
10000
10000
8
10000
10000
2268
10000
45
364
2
10000
6304
10000
4316
10000
3
10000
1522
6
1187
10000
69
10000
10000
10000
10000
10000
22
51
10000
10000
10000
10000
10000
10000
10000
22
10000
4579
10000
10000
120
10000
83
10000
70
10000
575
2675
10000
150
10000
10000
1789
10000
10000
1739
10000
10000
10000
443
10000
10000
10000
10000
10000
109
10000
10000
10000
10000
10000
68
41
10000
576
10000
10000
4
10000
2571
35
10000
10000
7254
10000
10000
187
17
10000
10000
626
10000
10000
10000
59
10000
23
10000
10000
297
10000
10000
10000
10000
10000
4515
10000
142
9549
369
10000
10000
10000
10000
10000
10000
10000
10000
1282
909
10000
3836
10000
10000
10000
10000
10000
10000
4019
10000
10000
10000
3
10000
10000
397
10000
10000
1019
5855
10000
10000
10000
10000
10000
3315
1224
10000
10000
141
11
10000
15
10000
10000
24
10000
10000
544
27
10000
10000
155
4
10000
10000
10000
10000
10000
3
10000
10000
10000
6586
5
110
10000
10000
2309
10000
5
235
2656
10000
10000
10000
10000
26
1
10000
10000
4
8
5
10000
206
10000
8350
10000
9
10000
10000
10000
10000
10000
10000
3
10000
10000
10000
10000
10000
10000
214
10000
8749
10000
10000
10000
1297
12
30
10000
10000
10000
10000
516
10000
10000
10000
10000
10000
14
2
10000
362
348
14
166
10000
10000
10000
7526
10000
38
2
10000
21
173
10000
1584
32
10000
10000
780
10000
10000
10000
644
10000
10000
102
1
10000
10000
10000
41
105
10000
227
4562
10000
1114
10000
10000
10000
1
8978
10000
10000
129
10000
460
10000
10000
10000
10000
4078
777
816
10000
62
10000
3775
10000
10000
10000
92
10000
153
3223
7537
10000
10000
10000
559
10000
125
2899
10000
803
80
10000
10000
10000
10000
1406
10000
26
10000
10000
10000
10000
10000
10000
10000
10000
10000
10000
10000
10000
10000
10000
10000
10000
10000
10000
10000
10000
4591
10000
10000
10000
10000
10000
10000
41
72
342
10000
10000
1035
6551
10000
10000
10000
10000
20
74
10000
10000
10000
5263
5871
10000
10000
10000
54
29
2355
10000
10000
10000
10000
10000
10000
36
10000
10000
10000
194
10000
10000
10000
10000
10000
10000
10000
287
10000
23
10000
10000
10000
10000
2283
10000
6
10000
10000
10000
83
7
66
10000
10000
10000
4
8493
10000
10000
10000
10000
223
12
3121
10000
10000
270
48
856
21
10000
10000
34
10000
10000
10000
10000
903
10000
10000
10000
10000
21
10000
4104
104
10000
10000
10000
10000
10000
10000
10000
1761
10000
10000
10000
21
10000
10000
10000
10000
10000
3131
10000
10000
10000
10000
139
10000
10000
10000
2937
10000
10000
10000
7441
10000
547
10000
590
10000
10000
10000
100
10000
10000
10000
15
10000
10000
10000
10000
10000
10000
10000
1681
10000
10000
10000
10000
10000
192
10000
10000
10000
10000
580
10000
65
10000
10000
10000
48
129
1368
10000
10000
10000
1320
10000
99
10000
10000
10000
10000
121
10000
3110
10000
10000
27
359
10000
10000
10000
248
1068
1339
3733
10000
10000
371
2537
5262
1745
10000
10000
47
10000
12
2
10000
2
4645
1031
10000
10000
10000
322
10000
10000
10000
10000
489
10000
10000
10000
2066
10000
10000
82
19
10000
10000
14
10000
10000
10000
10000
10000
10000
10000
10000
10000
40
10000
10000
10000
10000
10000
1709
10000
852
10000
1
10000
5617
10000
618
10000
10000
10000
10000
695
80
10000
10000
10000
1243
10000
10000
10000
556
371
10000
10000
10000
10000
10000
10000
10000
4272
10000
10000
189
10000
2806
10000
10000
10000
209
10000
10000
10000
10000
10000
10000
10000
10000
10000
10000
30
10000
10000
10000
9077
10000
20
9
10000
4100
10000
10000
10000
10000
10000
1
10000
5505
10000
10000
10000
10000
4
8248
10000
8163
10000
10000
10000
10000
10000
1706
10000
10000
1032
10000
10000
10000
10000
10000
10000
10000
583
1363
127
10000
10000
10000
10000
84
10000
10000
10000
10000
2205
10000
10000
3076
48
4122
10000
10000
10000
10000
10000
10000
8726
10000
10000
10000
10000
10000
289
10000
10000
10000
10000
234
10000
767
10000
10000
10000
10000
12
10000
10000
10000
10000
10000
10000
10000
10000
179
10000
124
2492
10000
10000
10000
445
10000
44
79
4989
10000
10000
10000
10000
10000
108
10000
10000
303
10000
10000
10000
160
10000
91
10000
9
10000
10000
10000
3492
10000
10000
10000
10000
2
10000
10000
10000
10000
10000
10000
10000
41
10000
130
10000
10000
10000
557
10000
10
5112
10000
98
106
10000
193
10000
10000
10000
10000
10000
10000
10000
764
4489
39
2210
10000
81
10000
10000
4602
887
10000
10000
51
10000
10000
10000
1152
10000
10000
10000
10000
10000
10000
191
3537
10000
10000
474
10000
150
1916
10000
1508
34
189
474
99
10000
10000
10000
95
112
10000
10000
246
10000
25
4
31
10000
10000
10000
10000
163
2142
10000
335
10000
10000
2552
10000
10000
3
25
10000
10000
1017
9
37
143
10000
5607
659
10000
10000
10000
428
10000
99
10000
4791
10000
238
10000
10000
106
63
10000
1573
10000
10000
10000
3
260
10000
10000
10000
103
9030
10000
209
10000
10000
10000
10000
10000
90
10000
10000
10000
10000
10000
227
10000
6175
10000
10000
1255
10000
96
10000
10000
10000
10000
10000
163
7969
10000
49
417
10000
10000
7
10000
10000
10000
10000
11
10000
146
10000
10000
3231
2930
10000
13
166
18
10000
10000
10000
10000
10
10000
10000
1690
10000
10000
10000
10000
4768
10000
10000
10000
180
10000
10000
10000
10000
10000
8
11
4171
10000
17
7823
10000
953
10000
10000
358
10000
2386
1
10000
8302
10000
10000
10000
10000
10000
10000
10000
7279
10000
10000
10000
10000
1457
1514
10000
5368
10000
10000
10000
10000
10000
10000
10000
10000
144
10000
10000
4
10000
10000
10000
99
635
693
765
2
10000
10000
10000
10000
10000
10000
10000
1559
10000
19
10000
366
10000
5779
10000
362
10000
385
10000
10000
10000
214
1377
10000
438
10000
10000
10000
1414
381
279
2
10000
10000
10000
10000
10000
10000
10000
230
10000
10000
10000
10000
10000
172
10000
10000
10000
3097
10000
10000
10000
51
10000
10000
10000
10000
9211
10000
10000
10000
10000
10000
1196
10000
10000
10000
10000
2
3048
10000
6
10000
523
10000
969
10000
3322
561
10000
10000
114
10000
10000
10000
10000
10000
10000
10000
10000
10000
10000
10000
10000
10000
10000
10000
10000
10000
477
6682
648
10000
10000
10000
10000
106
41
10000
10000
10000
940
10000
500
377
10000
216
18
10000
10000
4632
2
10000
10000
10000
389
10000
356
10000
10000
10000
10000
10000
10000
4527
10000
538
1767
9
10000
10000
10000
908
51
794
10000
10000
10000
10000
6430
10000
10000
10000
20
10000
222
10000
7589
10000
10000
10000
10000
1636
10000
10000
277
10000
10000
43
10000
944
10000
1172
1
10000
4265
10000
10000
10000
10000
1783
790
10000
10000
1214
10000
10000
10000
257
41
160
10000
2696
58
10000
10000
10000
842
128
10000
10000
26
10000
10000
113
256
10000
54
489
10000
78
10000
10000
100
947
10000
10000
10000
10000
10000
1675
3502
10000
10000
10000
10000
10000
10000
214
10000
10000
8523
10000
436
10000
30
10000
10000
10000
10000
27
1868
9498
10000
10000
10
10000
10000
3
10000
10000
10000
10000
10000
102
10000
10000
10000
10000
10000
59
10000
3774
10000
10000
10000
10000
10000
3328
10000
100
10000
10000
10000
10000
10000
10000
10000
10000
10000
147
10000
10000
10000
85
17
67
27
67
10000
10000
1789
25
10000
10000
10000
10000
1
10000
10000
10000
10000
1029
10000
830
10000
312
10000
183
10000
77
41
10000
10000
10000
78
128
10000
3457
6
10000
10000
10000
10000
10000
10000
10000
39
10000
10000
10000
10000
10000
10000
10000
10000
10000
10000
4844
10000
10000
10000
10000
10000
10000
10000
10000
196
10000
5318
10000
7754
10000
466
10000
10000
10000
10000
1580
1
545
10000
10000
10000
10000
10000
10000
10000
10000
3442
10000
1855
1021
10000
10000
97
10000
62
10000
888
10000
10000
28
9318
10000
10000
10000
10000
10000
3608
7065
75
10000
10000
10000
19
46
1
10000
6047
1149
10000
11
10000
3
3046
22
10000
10000
4
10000
828
10000
10000
10000
10000
10000
10000
10000
402
139
10000
10000
10000
506
10000
10000
10000
56
10000
10000
89
10000
10000
2590
151
8
10000
10000
10000
10000
10000
206
105
10000
20
10000
8
10000
10000
6
10000
2307
10000
10000
10000
6
10000
561
10000
972
10000
10000
10000
10000
10000
1748
10000
10000
10000
2433
4639
10000
1008
10000
31
10000
10000
10000
440
10000
10000
10000
10000
10000
10000
2465
10000
10000
6662
1479
514
10000
10000
36
10000
5098
36
10000
10000
10000
10000
10000
10000
5
10000
364
10000
10000
10000
2
10000
10000
10000
10000
10000
39
10000
10000
10000
10000
8278
10000
10000
10000
10000
10000
10000
231
298
112
377
10000
10000
10000
10000
106
3282
10000
10000
10000
10000
10000
10000
10000
1925
969
10000
10000
21
10000
10000
10000
6143
10000
10000
3
10000
160
10000
10000
313
10000
2583
4715
10000
10000
754
2743
10000
10000
10000
10000
10000
3878
10000
282
364
10000
11
327
10000
10000
3254
10000
10000
821
10000
316
227
10000
350
10000
10000
10000
10000
10000
10000
10000
10000
198
140
10000
10000
10000
10000
10000
10000
51
10000
10000
2431
10000
10000
10000
10000
10000
98
10000
10000
10000
1954
10000
10000
25
385
10000
10000
1593
10000
10000
104
10000
10000
10000
277
10000
3
92
10000
157
10000
2196
10000
10000
10000
10000
10000
10000
10000
10000
1392
29
10000
10000
10000
10000
10000
10000
10000
2634
681
10000
26
23
564
1302
10000
3
10000
305
62
2513
17
10000
10000
10000
10000
6
10000
1194
10000
56
846
10000
7
889
150
10000
233
10000
10000
10000
10000
10000
150
10000
10000
10000
10000
10000
10000
10000
10000
10000
10000
10000
10000
10000
10000
10000
10000
107
10000
10000
10000
10000
10000
10000
10000
10000
778
10000
10000
428
875
10000
10000
123
6961
10000
2396
10000
10000
10000
7
10000
10000
128
154
755
791
553
235
10000
10000
3278
41
10000
10000
231
10000
10000
10000
10000
10000
10000
57
10000
10000
10000
5364
10000
10000
10000
10000
992
10000
10000
10000
10000
523
10000
252
2075
368
10000
10000
96
8019
10000
4955
10000
10000
418
10000
10000
4705
10000
10000
10000
29
236
10000
10000
10000
10000
10000
7799
10000
10000
3599
10000
10000
10000
10000
10000
480
1
12
10000
10000
26
10000
2455
9035
10000
10000
10000
10000
10000
10000
10000
63
10000
10000
10000
10000
10000
10000
1956
3
346
778
10000
48
1461
10000
10000
10000
747
3253
427
9
10000
3683
10000
10000
10000
10000
1088
10000
10000
10000
10000
10000
10000
10000
10000
10000
10000
10000
10000
10000
247
10000
11
15
8064
10000
176
10000
50
10000
118
1
10000
417
10000
10000
10000
10000
62
1163
10000
68
795
1
10000
6512
33
10000
10000
10000
28
10000
4
95
10000
10000
10000
10000
10000
87
10000
10000
1
10000
4676
10000
10000
10000
10000
1280
396
10000
10000
114
10000
10000
10000
10000
5771
10000
10000
13
10000
10000
68
3
105
10000
10000
10000
10000
10000
10000
10000
3108
43
196
10000
10000
10000
10000
1555
311
10000
10000
12
10000
2726
10000
10000
10000
10000
10000
10000
8074
10000
10000
10000
10000
10000
10000
10000
211
10000
4303
39
1
10000
2272
10000
10000
2
10000
10000
10000
10000
10000
148
10000
10000
10000
10000
80
10000
10000
35
10000
10000
5957
10000
10000
3460
10000
10000
10000
10000
10000
10000
10000
10000
10000
184
1
10
10000
10000
4
10000
10000
2260
10000
46
10000
10000
809
10000
10000
2123
10000
10000
10000
10000
10000
10000
5
10000
10000
10000
36
10000
10000
10000
10000
10000
10000
10000
10000
10000
10000
10000
10000
10000
7805
10000
4169
1637
2
1039
10000
884
10000
10000
10000
10000
10000
10000
10000
1540
10000
10000
10000
10000
349
10000
10000
10000
2
10000
384
4
10000
10000
543
10000
122
10000
10000
10000
10000
10000
10000
10000
61
10000
3248
10000
10000
4252
10000
10000
531
134
10000
10000
227
10000
10000
10000
1837
10000
10000
10000
4078
10000
10000
163
10000
10000
10000
10000
10000
3914
10000
10000
10000
324
571
10000
10000
146
496
1827
10000
10000
4082
989
1667
429
3318
10000
10000
10000
10000
10000
593
24
10000
10000
1
10000
10000
10000
10000
10000
9
24
10000
829
10000
288
10000
10000
10000
8844
10000
10000
63
10000
392
10000
1
10000
10000
10000
10000
451
121
6460
1450
254
10000
10000
46
10000
272
10000
10000
3218
10000
615
10000
10000
11
10000
10000
10000
690
10000
10000
10000
29
10000
40
10000
10000
10000
2162
10000
10000
10000
10000
10000
8149
10000
2746
4
10000
10000
10000
10000
10000
4909
10000
10000
7422
3
10000
16
7255
74
10000
10000
10000
139
10000
10000
10000
257
3
10000
1009
2074
10000
10000
231
14
10000
10000
10000
10000
10000
10000
242
10000
9333
10000
2659
885
10000
10000
10000
1
321
6683
10000
5
25
10000
3040
494
10000
10000
10000
8
2920
20
33
10000
10000
10000
10000
249
10000
10000
10000
10000
10000
10000
10000
22
10000
10000
2198
10000
10000
2368
10000
353
10000
10000
10000
206
610
10000
141
60
336
10000
10000
2
10000
28
10000
10000
10000
10000
10000
1022
8347
2717
10000
10000
10000
10000
10000
10000
10000
340
10000
10000
2754
5590
10000
311
10000
1250
29
10000
30
192
10000
10000
10000
10000
10000
10000
10000
10000
10000
10000
10000
10000
10000
15
6306
10000
10000
6
10000
10000
10
10000
10000
10000
10000
10000
10000
29
10000
10000
10000
10000
10000
4117
66
84
4979
109
10000
10000
10000
10000
81
10000
10000
10000
10000
10000
10000
10000
4828
10
10000
10000
10000
10000
10000
10000
10000
10000
10000
10000
10000
10000
10000
10000
4917
10000
10000
10000
10000
10000
10000
10000
10000
10000
10000
10000
134
10000
10000
10000
10000
10000
924
10000
141
10000
4860
10000
10000
10000
7815
10000
10000
10000
3676
10000
10000
943
10000
19
10000
10000
2449
10000
10000
10000
5
10000
10000
10000
10000
10000
10000
10000
5
10000
5115
1858
10000
10000
10000
10000
10000
5
10000
10
10000
10000
13
10000
10000
10000
10000
10000
5757
27
10000
10000
34
10000
10000
318
1475
10000
10000
1837
10000
5950
107
10000
9
10000
396
6889
10000
10000
100
10000
10000
10000
391
10000
10000
585
10000
6
10000
10000
10000
1557
31
3040
233
10000
9744
4211
1365
10000
10000
10000
10000
10000
2492
10000
10000
10000
20
10000
10000
10000
10000
10000
10000
696
10000
10000
5553
10000
34
10000
10000
10000
10000
1
10000
105
10000
10000
78
1336
671
10000
1161
929
10000
10000
10000
10000
20
10000
10000
10000
10000
493
10000
316
10000
10000
5093
10000
10000
10000
10000
10000
10000
10000
10000
10000
6939
10000
10000
10000
10000
5903
1059
10000
10000
10000
10000
10000
10000
191
10000
40
1473
10000
33
10000
10000
10000
3
10000
10000
28
10000
10000
516
6158
10000
10000
10000
10000
2051
2344
10000
10000
10000
10000
10000
10000
65
10000
10000
7247
10000
10000
3323
9
2052
10000
10000
9631
10000
263
2146
811
10000
10000
10000
10000
10000
10000
72
10000
10000
10000
1056
10000
72
345
11
10000
24
6438
10000
10000
10000
10000
10000
10000
10000
10000
10000
298
10000
10000
1259
10000
567
10000
10000
10000
1907
10000
23
10000
97
70
10000
10000
10000
10000
19
10000
16
10000
10000
10000
10000
10000
1307
10000
46
6000
70
560
10000
10000
1271
10000
10000
1
327
209
7133
10000
578
10000
10000
10000
10000
10000
10000
10000
10000
10000
10000
10000
34
10000
10000
10000
10000
10000
17
10000
10000
10000
10000
10000
10000
10000
10000
396
169
10000
10000
1398
10000
10000
16
1999
10000
1
10000
10000
10000
5
10000
104
494
68
10000
10000
3
10000
10000
2774
10000
10000
10000
10000
10000
10000
10000
38
10000
1154
10000
10000
10000
1159
71
10000
10000
10000
10000
10000
653
10000
10000
10000
16
43
9683
303
1683
10000
10000
10000
10000
10000
10000
439
6270
10000
9388
10000
10000
9796
10000
10000
10000
10000
10000
10000
10000
10000
10000
17
10000
10000
10000
6162
12
10000
10000
15
84
10000
10000
10000
10000
10000
10000
10000
1120
10000
10000
10000
10000
22
88
10000
10000
10000
10000
10000
10000
10000
10000
10000
10000
3986
10000
10000
82
10000
10000
143
23
10000
8945
10000
295
10000
10000
10000
10000
10000
105
7505
10000
5102
10000
216
10000
2
556
10000
10000
10000
10000
306
5587
1643
10000
10000
10000
10000
10000
10000
10000
10000
10000
10000
10000
10000
10000
383
10000
10000
10000
10000
10000
10000
2329
10000
10000
10000
10000
127
10000
10000
10000
6382
10000
3230
3316
10000
10000
2365
10000
1361
10000
10000
10000
10000
23
5
3272
10000
3
10000
5
11
10000
10000
10000
2213
10000
10000
14
548
10000
12
71
10000
10000
1896
7522
10000
10000
139
10000
1
10000
10000
247
124
1820
4929
10000
14
10000
10000
5
10000
10000
10000
6
884
10000
10000
3317
10000
10000
10000
10000
1
10000
10000
3758
5492
1325
5132
3289
10000
103
10000
10000
10000
10000
10000
10000
115
10000
1283
10000
10000
2554
1360
10000
10000
10000
37
54
4083
377
1406
10000
10000
10000
1245
76
2
10000
1
51
22
10000
10000
10000
10000
10000
10000
329
10000
10000
1394
21
10000
10000
10000
4224
10000
451
6119
10000
27
10000
10000
10000
468
526
10000
10000
79
10000
10000
6
10000
10000
10000
10000
1479
10000
26
13
10000
4418
6474
1
10000
41
10000
10000
595
10000
10000
10000
10000
10000
10000
10000
10000
10000
10000
10000
10000
236
3965
10000
10000
10000
10000
65
551
10000
224
10000
591
1955
10000
10000
10000
1
10000
92
1021
266
10000
10000
10000
10000
10000
36
73
10000
10000
4859
855
10000
79
10000
10000
10000
57
22
10000
10000
8
10000
10000
10000
10000
10000
181
10000
84
10000
36
10000
10000
10000
10000
3
3276
10000
31
257
10000
10000
10000
10000
10000
2088
10000
1332
10000
10000
589
10000
5128
2426
10000
44
10000
10000
10000
10000
10000
10000
10000
10000
10000
10000
10000
10000
916
10000
10000
10000
10000
10000
473
209
10000
56
3927
10000
10000
13
10000
10000
325
10000
10000
10000
10000
3845
10000
324
477
10000
10000
10000
10000
10000
10000
621
76
145
39
10000
10000
10000
285
1
10000
10000
10000
10000
10000
10000
10000
10000
10000
10000
71
10000
10000
10000
2742
10000
188
2861
357
178
9
10000
10000
10000
10000
10000
3
1559
2601
112
10000
10000
10000
10000
10000
1053
10000
497
10000
10000
110
3071
10000
11
1013
10000
5
10000
10000
10000
10000
10000
10000
10000
10000
10000
10000
10000
10000
1113
4
5
10000
10000
10000
4588
10000
10000
10000
10000
10000
10000
4117
573
495
10000
10000
126
10000
10000
1837
10000
10000
469
10000
10000
3
10000
805
10000
9408
10000
2
17
10000
10000
10000
10000
7964
10000
10000
10000
10000
10000
13
10000
18
10000
75
1764
10000
10000
3
7024
10000
10000
10000
10000
10000
4
386
257
1
10000
11
10000
1781
10000
10
10000
10000
1
609
10000
10000
10000
10000
10000
10000
10000
2176
118
10000
10000
10000
10000
1292
10000
10000
10000
10000
10000
10000
10000
3979
10000
10000
1268
10000
2917
10000
10000
10000
10000
10000
10000
115
539
10000
10000
10000
389
867
10000
10000
10000
10000
10000
10000
10000
10000
1388
1791
186
10000
1923
64
313
372
4686
10000
10000
1519
10000
608
3048
836
10000
10000
10000
10000
62
10000
10000
10000
260
10000
10000
10000
10000
1
487
655
10000
1443
10000
10000
10000
10000
10000
10000
10000
35
10000
10000
10000
10000
10000
39
10000
2052
386
21
10000
10000
652
10000
737
186
3469
15
10000
2
10000
4595
10000
10000
10000
10000
10000
10000
10000
10000
10000
10000
670
7017
1791
10000
10000
10000
16
10000
27
3263
10000
17
1
10000
5942
5668
10000
10000
4438
456
1327
10000
2157
22
10000
10000
10000
93
10
10000
36
184
760
10000
2036
10000
10000
10000
311
10000
10000
6399
10000
10000
4169
10000
131
10000
567
10000
965
10000
10000
10000
2290
10000
10000
1443
10000
10000
109
10000
6207
10000
10000
10000
221
10000
10000
10000
165
357
10000
10000
10000
1184
10000
10000
29
2395
12
769
10000
10000
10000
10000
10000
3616
619
3632
65
10000
10000
10000
10000
128
10000
5951
12
10000
100
10000
481
10000
10000
10000
10000
10000
10000
356
10000
10000
10000
10000
10000
10000
10000
8232
82
10000
10000
10000
10000
10000
10000
10000
10000
10000
22
10000
10000
1675
10000
10000
10000
365
10000
10000
10000
10000
10000
10000
1015
10000
10000
10000
10000
10000
10000
10000
10000
10000
63
1936
10000
10000
10000
10000
10000
4276
10000
10000
10000
2845
10000
10000
10000
10000
10000
1837
10000
10000
10000
10000
10000
10000
335
10000
10000
5
10000
10000
315
10000
312
137
10000
10000
2384
10000
10000
10000
10000
10000
10000
10000
10000
557
5370
10000
10000
33
10000
940
2082
10000
10000
10000
10000
1658
743
10000
173
611
10000
79
4596
10000
57
10000
10000
3
10000
10000
10000
385
10000
10000
8334
10000
10000
39
3218
10000
10000
170
10000
20
942
7297
10000
10000
10000
4155
10000
175
10000
35
10000
10000
111
10000
10000
930
2456
50
10000
10000
2012
10000
5870
696
10000
257
10000
10000
2769
5846
10000
45
10000
10000
110
10000
10000
1101
5903
10000
345
10000
10000
10000
10000
10000
6870
10000
10000
10000
282
10000
10000
10000
10000
10000
10000
24
826
10000
20
10000
10000
10000
10000
4314
249
10000
10000
9173
10000
2910
1698
10000
1535
2
2949
10000
10000
1814
149
880
18
10000
7
10000
10000
1
203
10000
5
4
10000
3898
10000
10000
781
1892
10000
10000
10000
71
10000
10000
10000
10000
10000
10000
10000
10000
10000
10000
10000
10000
10000
10000
10000
3459
10000
4036
1
92
10000
499
10000
10000
10000
10
10000
10000
10000
2197
10000
10000
10000
310
2347
10000
1
10000
10000
10000
6258
2569
2596
10000
1
65
10000
10000
10000
124
10000
10000
216
10000
10000
10000
10000
1095
165
58
10000
296
10000
16
10000
4377
175
159
4212
29
2
10000
10000
10000
10000
10000
1
10000
10000
10000
10000
10000
5889
10000
10000
346
10000
10000
10000
10000
10000
10000
9235
10000
10000
10000
10000
10000
10000
10000
2779
36
64
199
158
10000
10000
10000
191
10000
10000
10000
10000
4594
10000
10000
10000
169
10000
10000
2734
80
10000
10000
207
10000
10000
10000
1387
10000
4589
425
307
10000
80
10000
10000
10000
22
10000
10000
10000
167
54
10000
10000
1755
10000
10000
10000
289
10000
638
10000
10000
1416
4372
10000
10000
10000
10000
372
10000
10000
10000
10000
6
10000
1040
10000
10000
10000
64
10000
10000
10000
44
10000
10000
10000
3
4352
10000
10000
10000
9
717
10000
719
3453
10000
647
10000
1271
85
3888
1304
25
10000
432
10000
10000
606
10000
10000
10000
10000
10000
10000
10000
10000
2607
10000
48
2
10000
10000
10000
10000
10000
10000
10000
144
10000
10000
10000
10000
10000
10000
10000
10000
1418
10000
10000
113
152
10000
10000
10000
10000
10000
1425
10000
10000
10000
163
10000
10000
10000
10000
58
10000
62
182
10000
54
10000
227
10000
10000
394
10000
10000
10000
233
2693
10000
10000
10000
357
557
99
10000
10000
10000
10000
10000
10000
10000
10000
10000
48
10000
10000
10000
10000
267
10000
10000
36
10000
10000
163
10000
10000
172
4
10000
10000
26
10000
416
10000
10000
6852
5696
10000
61
362
1829
10000
10000
4183
2588
10000
10000
10000
10000
223
101
10000
10000
465
10000
10000
10000
738
10000
10000
18
10000
71
10000
16
42
10000
4872
6
10000
10000
10000
10000
740
10000
10000
10000
10000
10000
10000
10000
10000
1034
319
37
10000
1
10000
10000
10000
10000
10000
10000
406
260
10000
7
5563
10000
1
7550
2143
10000
142
5
10000
1216
10000
10000
94
10000
10000
10000
10000
1101
10000
10000
10000
1
54
10000
10000
10000
10000
773
10
10000
26
10000
10000
203
10000
23
10000
10000
10000
10000
8743
10000
10000
695
1558
10000
10000
10000
10000
10000
10000
10000
10000
10000
44
109
1010
973
10000
4120
10000
10000
143
10000
19
685
10000
10000
10000
10000
10000
10000
10000
10000
10000
10000
10000
10000
10000
10000
10000
6851
1302
10000
27
4
10000
10000
10000
10000
10000
1145
490
10000
10000
2209
10000
4855
50
10000
10000
10000
91
10000
10000
978
10000
10000
10000
10000
10000
10000
50
10000
10000
3008
10000
10000
10000
10
10000
10000
10000
10000
127
10000
10000
10000
10000
3
10000
10000
99
10000
10000
10000
10000
10000
14
77
1
10000
10000
10000
10000
10000
10000
10000
10000
10000
259
10000
36
10000
10000
13
10000
10000
10000
10000
77
1752
10000
10000
10000
10000
10000
10000
10000
100
10000
20
10000
10000
1054
10000
10000
10000
10000
174
10000
59
10000
1
190
451
10000
746
68
64
10000
10000
10000
3433
6
2
10000
10000
47
10000
10000
8090
10000
4364
10000
6369
10000
10000
10000
10000
7080
10000
10000
2329
251
10000
10000
10000
10000
10000
10000
197
28
4
10000
10000
10000
729
150
10000
10000
4257
3718
10000
283
10000
10000
637
10000
10000
10000
10000
10000
1
10000
813
10000
10000
148
3472
10000
10000
10000
10000
10000
10000
10000
10000
10
8938
19
141
2320
10000
10000
10000
10000
3902
10000
10000
10000
10000
10000
7225
10000
10000
10000
10000
7264
10000
10000
10000
8574
10000
10000
10000
10000
496
10000
5360
1
31
10000
10000
39
10000
10000
247
5
10000
10000
10000
75
252
10000
1510
10000
1680
864
10000
10000
10000
31
10000
150
10000
114
10000
10000
10000
10000
10000
10000
10000
5606
10000
6478
10000
32
10000
472
106
10000
10000
10000
10000
10000
414
1389
10000
10000
1630
10000
10000
10000
2986
10000
413
10000
10000
94
10000
10000
235
10000
10000
10000
16
1052
10000
251
10000
10000
10000
10000
10000
10000
3541
10000
831
10000
10000
10000
224
10000
10000
10000
13
10000
263
10000
708
10000
10000
10000
38
10000
674
10000
1
10000
1007
10000
980
10000
10000
46
10000
10000
10000
10000
26
10000
50
10000
10000
10000
10000
2477
10000
10000
10000
10000
110
10000
10000
10000
377
10000
218
10000
10000
888
421
693
33
1261
10000
6178
8647
10000
10000
10
10000
56
10000
10000
510
10000
25
3911
10000
214
10000
10000
10000
10000
561
10000
10000
10000
10000
2
1409
38
10000
10000
158
1243
10000
10000
11
5
10000
10000
10000
10000
2
10000
2274
10000
10000
10000
10000
10000
10000
303
10000
10000
10000
10000
10000
10000
10000
10000
10000
10000
10000
1317
1478
47
5574
79
10000
10000
10000
10000
202
274
10000
5401
111
10000
206
10000
50
10000
10000
985
18
3726
10000
2
10000
10000
10000
10000
10000
10000
10000
10000
1
10000
10000
10000
10000
10000
10000
10000
10000
10000
138
178
10000
10000
10000
5683
1730
22
6695
313
10000
10000
10000
1388
10000
10000
10000
10000
10000
10000
10000
368
10000
10000
10000
10000
10000
10000
10000
81
13
10000
575
10000
10000
10000
15
1017
18
9
47
10000
1959
10000
10000
10000
10000
10000
107
10000
10000
2651
154
10000
3924
47
755
10000
10000
10000
10000
10000
10000
10000
10000
10000
557
10000
3621
10000
1728
10000
2
5546
10000
10000
10000
10000
10000
10000
10000
10000
10000
4849
10000
10000
10000
10000
10000
10000
10000
10000
10000
10000
10000
10000
8
4
385
10000
10000
10000
10000
2878
10000
10000
7
5682
10000
10000
233
637
18
1
10000
405
10000
10000
10000
10000
10000
10000
10000
1072
10000
10000
10000
10000
30
130
10000
91
10000
10000
10000
10000
10000
10000
2173
10000
394
32
10000
318
10000
10000
10000
10000
10000
10000
10000
686
10000
10000
10000
559
10000
9
10000
10000
403
7367
192
10000
10000
10000
10000
1
10000
10000
10000
10000
10000
10000
10000
10000
27
10000
10000
10000
143
10000
10000
6984
10000
63
10000
10000
10000
10000
10000
1
208
2049
3838
10000
24
10000
49
10000
1401
10000
10000
10000
1244
10000
4031
10000
10000
10000
2995
10000
511
10000
9280
10000
10000
719
10000
10000
1
10000
24
59
10000
10000
10000
7468
1501
10000
10000
10000
4
10000
10000
10000
10000
10000
7005
10000
786
10000
741
10000
10000
33
462
327
152
10000
10000
10000
10000
10000
501
10000
10000
10000
7414
10000
10000
10000
10000
10000
108
10000
10000
1018
139
10000
10000
7
90
10000
10000
10000
407
10000
10000
10000
5587
359
6018
10000
10000
10000
10000
10000
126
10000
113
10000
997
10000
247
10000
10000
10000
10000
64
10000
18
480
8
8008
1449
3
3469
518
1434
8
6300
10000
10000
5914
10000
10000
10000
10000
2148
10000
2
10000
48
10000
10000
2237
10000
10000
10000
10000
2709
10000
10000
10000
10000
1139
3375
10000
10000
10000
10000
10000
6
10000
10000
10000
13
10000
10000
10000
3042
10000
98
10000
132
6754
36
502
10000
10000
27
605
10000
10000
387
2326
10000
140
10000
10000
10000
10000
7
116
10000
5393
10000
10000
2861
10000
10000
10000
10000
10000
10000
102
10000
10000
6
10000
10000
10000
10000
6
10000
10000
10000
10000
22
10000
512
10000
1298
10000
10000
121
10000
395
10000
193
10000
10000
1035
10000
978
10000
10000
890
10000
10000
10000
10000
54
10000
9
10000
10000
10000
10000
156
3926
10000
7908
10000
1626
171
1087
137
10000
16
10000
10000
10000
10000
10000
10000
401
10000
5
82
10000
148
10000
10000
10000
8832
5488
10000
10000
10000
10000
10000
2835
10000
149
1
1290
10000
10000
630
10000
10000
10000
10000
10000
10000
10000
17
360
10000
10000
10000
10000
320
10000
10000
10000
10000
10000
10000
1748
10000
10000
10000
10000
9304
3849
10000
28
10000
10000
10000
10000
407
631
137
683
10000
10000
10000
10000
10000
10000
177
10000
5097
10000
10000
1622
10000
10000
10000
55
2300
10000
106
10000
104
10000
10000
10000
4118
10000
10000
3
10000
10000
10000
114
652
10000
366
10000
124
2841
10000
495
20
214
10000
14
10000
585
263
1435
10000
10000
10000
10000
10000
10000
10000
10000
10000
10000
10000
10000
10000
10000
1326
4398
1108
10000
10000
10000
10000
10000
10000
5484
10000
113
10000
10000
130
10000
10000
5
394
10000
610
219
10000
10000
10000
10000
10000
10000
10000
10000
10000
10000
10000
10000
379
10000
117
10000
10000
10000
10000
14
10000
10000
2779
10000
10000
10000
10000
10000
10000
10000
5993
791
215
471
10
2
10000
10000
10000
10000
111
10000
10000
893
10000
1709
10000
766
10000
10000
10000
10000
10000
4556
10000
10000
147
195
10000
10000
925
3250
10000
8
10000
10000
10000
10000
10000
91
10000
14
10000
2984
2
10000
10000
10000
10000
10000
10000
10000
97
10000
10000
10000
10000
2113
10000
8745
10000
290
10000
10000
183
3329
10000
10000
10000
10000
10000
441
10000
10000
10000
10000
10000
10000
58
10000
82
10000
10000
10000
10000
498
126
10000
18
65
23
10000
10000
8
498
10000
10000
10000
10000
10000
10000
939
2997
303
10000
10000
4
10000
10000
10000
10000
10000
6900
10000
10000
10000
10000
10000
10000
10000
91
132
10000
10000
10000
10000
10000
10000
10000
10000
10000
10000
10000
10000
27
3527
3982
10000
10000
10000
10000
3812
9250
7604
10000
10000
17
122
10000
393
10000
10000
6217
10000
151
1335
63
10000
10000
18
3300
10000
10000
6436
1276
3433
10000
10000
319
10000
8
10000
10000
10000
3435
1
10000
10000
10000
10000
10000
10000
10000
10000
229
10000
1353
9433
10000
10000
10000
8816
25
10000
6424
5157
4
10000
10000
10000
192
27
10000
10000
10000
7235
161
240
9744
10000
10000
43
9
10000
10000
6865
10000
10000
10000
10000
10000
10000
10000
320
10000
10000
4
10000
10000
10000
10000
1761
10000
10000
10000
526
10000
10000
18
9267
10000
10000
2
10000
10000
10000
10000
10000
10000
317
10000
10000
6
162
10000
10000
4609
10000
10000
10000
10000
11
12
10000
10000
10000
354
10000
10000
6
8
7532
6575
10000
345
10000
10000
10000
10000
1231
10000
10000
10000
10000
71
10000
10000
10000
10000
10000
10000
10000
7909
10000
10000
10000
31
10000
10000
10000
10000
150
10000
10000
1
10000
10000
25
590
29
184
1813
5640
10000
10000
10000
10000
1879
10000
1796
10000
105
4328
10000
10000
10000
1395
953
3616
10000
13
10000
10000
10000
3355
10000
10000
10000
550
10000
3108
1946
10000
274
90
10000
10000
2896
10000
8
331
176
10000
10000
765
10000
19
10000
10000
10000
10000
10000
156
158
3699
10000
10000
5278
856
10000
10000
10000
10000
10000
1870
10000
10000
10000
556
10000
10000
10000
26
12
10000
56
10000
10000
10000
10000
10000
10000
10000
10000
211
16
10000
11
10000
12
10000
10000
10000
796
10000
10000
10000
10000
10000
10000
734
1117
10000
10000
10000
1612
2
670
10000
10
10000
10000
10000
10000
10000
10000
10000
10000
10000
10000
10000
10000
7258
10000
91
1517
10000
10000
10000
1663
10000
10000
10000
116
10000
133
10000
10000
256
10000
10000
7
10000
591
188
10000
10000
10000
10000
10000
10000
84
10000
10000
10000
10000
10000
10000
874
14
332
10000
239
5747
10000
10000
10000
10000
10000
10000
10000
10000
10000
10000
10000
275
10000
428
10000
10000
2666
10000
10000
828
10000
10000
43
10000
10000
10000
618
10000
10000
562
10000
10000
10000
10000
243
10000
37
10000
10000
138
10000
80
10000
39
2083
10000
10000
164
10000
10000
56
10000
10000
10000
337
16
10000
10000
9
10000
683
10000
394
10000
10000
10000
1723
4883
10000
74
10000
48
10000
574
10000
10000
1703
186
10000
10000
871
10000
10000
712
10000
2581
10000
10000
10000
10000
17
8
10000
10000
10000
10000
10000
349
10000
10000
10000
10000
6491
111
10000
10000
10000
153
10000
6700
10000
10000
456
10000
7336
10000
940
10000
10000
10000
10000
10000
381
298
10000
9014
10000
10000
6
10000
64
10000
10000
10000
10000
10000
10000
1357
10000
134
1577
1124
10000
10000
10000
10000
10000
81
10000
10000
10000
10000
10000
10000
10000
10000
10000
10000
10000
10000
1468
10000
10000
526
10000
9879
1249
10
67
3054
213
10000
10000
10000
10000
10000
10000
443
10000
10000
10000
27
10000
10000
10000
1996
10000
10000
7337
10000
10000
10000
10000
10000
10000
572
10000
1117
10000
10000
10000
10000
6
10000
3900
10000
2
10000
10000
10000
19
8435
1014
10000
226
10000
9754
10000
10000
10000
10000
10000
10000
10000
10000
28
10000
10000
10000
10000
10000
10000
10000
10000
12
65
10000
10000
603
10000
10000
32
10000
10
125
10000
10000
10000
10000
10000
10000
10000
35
300
140
10000
10000
10000
10000
1587
7583
10000
10
10000
10000
6
10000
97
10000
10000
10000
10000
391
29
10000
10000
10000
10000
352
10000
10000
10000
10000
5167
10000
1251
10000
10000
10000
10000
1037
4177
10000
10000
10000
7773
10000
6042
10000
10000
10000
10000
604
10000
10000
10000
10000
10000
211
10000
10000
685
5055
10000
10000
10000
5462
10000
453
8598
80
10000
10000
427
10000
5234
10000
956
10000
64
10000
1731
10000
10000
10000
10000
58
194
10000
10000
10000
1989
10000
10000
10000
10000
10000
10000
10000
10000
8
10000
934
10000
10000
10000
10000
1641
10000
10000
3905
10000
10000
4488
122
10000
10000
10000
10000
10000
10000
391
108
10000
9209
10000
10000
10000
10000
10000
2
10000
10000
10000
9
10000
10000
10000
10000
10000
10000
10000
221
10000
27
10000
10000
10000
10000
147
10000
1334
10000
10000
10000
1212
10000
10000
207
33
161
9911
10000
3305
909
10000
740
41
1236
17
10000
105
809
10000
10000
698
1695
7
10000
10000
6
10000
10000
3
10000
10000
10000
4673
10000
10000
2015
10000
10000
10000
418
21
10000
1950
10000
10000
18
10000
10000
304
10000
10000
287
10000
1125
10000
10000
10000
10000
10000
15
313
10000
10000
10000
10000
10000
1048
10
10000
10000
732
2
10000
1255
10000
3152
5865
10000
7146
672
10000
574
779
10000
1097
1073
10000
297
10000
10000
9
10000
85
20
10000
391
815
10000
10000
10000
2901
10000
1049
10000
10000
10000
5
10000
10000
389
6
10000
10000
10000
10000
10000
1049
87
10000
10000
10000
287
10000
10000
10000
13
10000
10000
10000
21
10000
10000
378
10000
10000
10000
5452
21
2262
10000
10000
12
10000
10000
812
10000
10000
10000
282
10000
4
10000
10000
129
10000
1712
10000
10000
10000
10000
97
10000
10000
10000
10000
2553
641
10000
10000
10000
10000
10000
10000
10000
903
10000
10000
10000
10000
760
8069
10000
7
10000
10000
21
4176
10000
1
10000
10000
10000
6722
10000
10000
125
10000
10000
10000
1
735
5632
10000
10000
110
420
10000
10000
10000
10000
331
10000
5639
9969
2518
10000
10000
10000
9110
43
1
10000
10000
10000
555
10000
99
241
10000
10000
10000
10000
10000
3872
10000
10000
10000
10000
10000
6579
10000
10000
10000
653
10000
7042
10000
10000
10000
18
10000
10000
10000
10000
10000
10000
10000
71
1579
777
10000
10000
10000
10000
3
10000
10000
10000
10000
10000
10000
1284
10000
10000
10000
2946
10000
10000
10000
218
10000
11
10000
10000
179
10000
10000
10000
10000
10000
10000
10000
10000
10000
559
10000
10000
10000
10000
10000
22
10000
10000
10000
2323
10000
5
2
4112
8000
2234
4
114
10000
82
22
10000
10000
10000
10000
1447
39
10000
10000
10000
10000
10000
10000
10000
10000
63
10000
10000
4252
470
10000
10000
10000
10000
10000
19
930
13
9
10000
66
4146
10000
131
10000
264
61
10000
10000
10000
10000
237
10000
65
10000
10000
568
10000
4434
198
3253
467
10000
2
10000
9
10000
10000
10000
25
3738
10000
10000
10000
10000
145
10000
10000
10000
99
4553
10000
10000
4
10000
10000
342
10000
4423
200
10000
51
10000
173
379
161
1599
10000
371
10000
10000
10000
22
10000
10000
10000
10000
10000
2545
10000
10000
10000
10000
10000
10000
3704
4595
10000
2819
10000
6849
10000
10000
10000
10000
10000
10000
10000
10000
72
403
4034
10000
10000
10000
10000
10000
10000
66
3
10000
10000
10000
12
256
10000
10000
10000
10000
10000
10000
10000
10000
10000
10000
10000
10000
10000
10000
10000
10000
10000
10000
10000
22
1204
10000
10000
52
10000
10000
10000
6467
59
10000
10000
10000
10000
10000
10000
10000
10000
10000
10000
10000
10000
10000
10000
825
9117
10000
10000
10000
10000
10000
10000
10000
8426
868
446
10000
479
10000
10000
10000
10000
8
33
10000
10000
10000
10000
10000
10000
1
85
10000
10000
10000
1858
10000
10000
48
10000
10000
725
10000
10000
10000
10000
26
10000
10000
633
732
3731
10000
10000
10000
308
10000
10000
5
10000
13
10000
10000
10000
1543
5
8
10000
10000
10000
6207
10
10000
10000
7473
10000
10000
10000
183
10000
10000
10000
17
10000
10000
10000
1523
4
939
10000
10000
10000
2530
10000
10000
10000
10000
10000
10000
10000
476
10000
2985
21
10000
10000
5
11
10000
974
1
39
10000
4479
10000
10000
10000
10000
10000
10000
175
244
10000
814
10000
10000
10000
10000
10000
5457
10000
10000
10000
175
1256
10000
10000
10000
10000
3838
157
10000
10000
10000
10000
641
2144
10000
10000
45
10000
10000
10000
10000
10000
10000
10000
14
10000
10000
10000
10000
10000
163
2116
1656
10000
10000
10000
10000
10000
10000
10000
10000
101
7816
10000
200
10000
71
1045
10000
56
10000
10000
10000
10000
88
5054
2958
10000
48
311
10000
10000
10000
6718
250
10000
2393
10000
9
10000
10000
10000
2769
141
10000
10000
10000
10000
10000
10000
10000
636
10000
10000
5
10000
10000
10000
10000
10000
10000
235
10000
10000
10000
10000
10000
10000
10000
4482
10000
1674
10000
10000
10000
10000
10000
3210
56
129
10000
10000
10000
7928
10000
10000
10000
5452
10000
10000
10000
10000
10000
10000
524
6710
10000
10000
10000
1538
10000
359
10000
324
115
71
10000
5
2408
10000
99
10000
10000
10000
10000
10000
10000
10000
10000
10000
10000
781
113
10000
10000
10000
10000
10000
22
10000
2621
10000
10000
9
2514
10000
10000
10000
9461
10000
1187
10000
10000
4
138
10000
10000
10000
10000
10000
10000
69
3492
6682
10000
40
10000
10000
10000
10000
752
230
10000
10000
10000
10000
9222
157
5841
2316
901
10000
10000
10000
10000
10000
10000
10000
10000
10000
10000
10000
10000
10000
10000
10000
10000
4732
10000
85
10000
10000
10000
187
84
10000
10000
132
10000
10000
10000
3875
10000
67
6031
10000
10000
116
858
10000
10000
10000
493
22
10000
36
10000
10000
9574
10000
8716
4324
10000
10000
10000
6980
10000
10000
10000
164
26
10000
2902
10000
1000
10000
10000
10000
10000
10000
10000
9130
499
3117
10000
154
10000
10000
10000
10000
10000
10000
10
666
10000
10000
10000
1938
10000
10000
10000
10000
10000
10000
109
10000
10000
10000
56
10000
10000
10000
10000
7
39
2471
139
10000
10000
10000
7
10000
516
10000
10000
4342
10000
10000
846
9467
10000
1
10000
10000
739
9749
10000
10000
557
10000
10000
10000
10000
497
10000
45
10000
10000
2610
10000
10000
10000
10000
202
10000
10000
6934
224
10000
932
10000
10000
6681
10000
10000
10000
10000
152
10000
7713
397
10000
10000
483
10000
10000
2
10000
10000
10000
10000
10000
10000
10000
10000
10000
10000
1
10000
2678
1477
10000
10000
10000
620
247
10000
146
10000
10000
10000
10000
10000
10000
251
10000
49
10000
10000
10000
10000
10000
10000
158
337
10000
10000
375
17
807
10000
10000
10000
10000
10000
10000
9138
10000
10000
10000
10000
10000
1
2300
10000
1734
288
10000
10000
10000
10000
10000
10000
10000
10000
20
51
10000
491
10000
2142
10000
1077
39
10000
10000
10000
10000
10000
10000
10000
10000
10000
10000
157
10000
10000
10000
10000
10000
10000
715
10000
10000
10000
588
10000
10000
10000
10000
1
10000
10000
6070
10000
10000
126
10000
240
10000
10000
4271
24
10000
330
10000
10000
873
10000
5444
10000
10000
96
10000
60
3598
10000
10000
10000
10000
10000
10000
323
678
10000
10000
10000
10000
10000
10000
10000
2100
10000
10000
434
10000
2135
2380
10000
472
10000
47
10000
10000
225
10000
167
164
10000
10000
5453
10000
10000
6112
685
6
10000
10000
10000
10000
10000
10000
10000
10000
49
369
10000
64
5030
434
7609
130
10000
10000
10000
10000
7440
10000
14
686
224
7052
10000
7
10000
10000
10000
4
20
10000
10000
10000
10000
10000
884
10000
135
10000
10000
10000
10000
10000
10000
7704
10000
10000
57
10000
10000
423
10000
10000
399
10000
10000
32
10000
10000
1834
10000
3
10000
10000
4881
10000
10000
180
525
10000
70
10000
10000
10000
24
1
10000
10000
478
10000
10000
10000
10000
10000
3
10000
88
12
267
10000
10000
10000
10000
10000
10000
10000
4796
10000
9
10000
10000
10000
10000
49
10000
10000
10000
10000
10000
15
10000
10000
10000
10000
10000
10000
10000
10000
10000
10000
10000
10000
10000
30
10000
211
10000
48
10000
10000
10000
10000
10000
6273
10000
1047
4412
10000
5803
10000
10000
10000
10000
6030
10000
64
4
10000
289
44
10000
10000
10000
10000
10000
10000
10000
17
10000
10000
10000
10000
10000
190
7293
10000
10000
543
10000
6397
13
338
4442
268
10000
10000
5162
10000
10000
10000
10000
170
10000
367
10000
2
10000
10000
10000
10000
10000
1218
10000
10000
10000
10000
10000
10000
419
10000
10000
10000
65
10000
997
142
10000
10000
10000
10000
10000
10000
10000
10000
10000
10000
18
10000
10000
3279
1
19
10000
1283
10000
10000
10000
10000
10000
158
10000
10000
10000
10000
10000
10000
10000
10000
10000
10000
42
6
179
10000
340
3477
10000
10000
1521
83
10000
13
10000
10000
10000
628
10000
10000
10000
364
10000
10000
10000
408
10000
1
10000
3
20
513
10000
116
10000
10000
10000
10000
10000
10000
10000
10000
10000
113
10000
10000
10000
10000
10000
10000
10000
10000
10000
10000
10000
10000
10000
664
10000
10000
1659
92
10000
41
10000
10000
10
1015
10000
5119
10000
10000
30
10000
10000
10000
10000
10000
10000
10000
374
10000
10000
10000
55
10000
107
10000
10000
10000
1
10000
10000
79
10000
10000
356
10000
10000
2632
10000
3078
10000
10000
10000
10000
10000
10000
10000
2704
10000
10000
1888
10000
10000
10000
10000
10000
6321
10000
282
10000
10000
2646
10000
2025
10000
10000
10000
10000
10000
657
10000
10000
222
10000
10000
10000
10000
3240
10000
10000
10000
10000
3818
173
10000
10000
10000
236
10000
10000
10000
10000
10000
10000
10000
10000
5
189
10000
849
10000
10000
10000
10000
10000
1210
13
10000
10000
4101
8848
244
10000
554
5996
10000
10000
10000
425
10000
10000
10000
10000
10000
10000
172
10000
10000
10000
10000
10000
10000
10000
10000
310
10000
10000
10000
10000
10000
405
396
791
10000
10000
10000
10000
2423
10000
10000
2529
10000
10000
10000
10000
14
10000
10000
2812
10000
95
10000
2311
10000
10000
3001
10000
1946
10000
450
10000
24
541
10000
10000
10000
10000
10000
10000
3371
10000
10000
10000
10000
10000
144
10000
10000
10000
386
10000
10000
10000
10000
948
10000
10000
2
10000
10000
10000
10000
10000
10000
308
10000
10000
10000
7
190
123
9661
206
10000
7101
797
10000
105
10000
10000
13
10000
312
10000
10000
40
917
10000
6932
10000
63
74
10000
10000
10000
384
10000
10000
10000
10000
10000
10000
10000
10000
10000
10000
544
10000
8152
4750
10000
10000
719
10000
18
10000
10000
10000
1816
10000
52
706
10000
10000
7
10000
10000
65
10000
10000
10000
10000
18
10000
94
16
4569
13
4642
10000
10000
10000
10000
120
7
20
10000
10000
10000
10000
114
1211
10000
10000
10000
10000
10000
10000
10000
10000
10000
10000
10000
143
10000
10000
8
10000
10000
377
3
10000
384
10000
10000
10000
10000
10000
10000
91
4648
10000
10000
10000
10000
653
10000
10000
10000
10000
1018
2881
10000
4160
10000
10000
10000
10000
3730
8892
10000
894
131
10000
61
10000
10000
7219
141
10000
7771
10000
1928
2
10000
13
10000
10000
25
10000
10000
10000
159
10000
10000
2413
10000
6
10000
54
10000
10000
2262
27
10000
14
10000
10000
10000
10000
10000
10000
2834
10000
10000
10000
10000
10000
3115
10000
14
10000
61
10000
442
333
2796
10000
10000
10000
10000
7603
800
10000
10000
10000
10000
1003
10000
804
10000
10000
14
10000
10000
21
10000
10000
594
10000
69
10000
1654
10000
976
10000
4267
10000
10000
10000
10000
10000
10000
10000
10000
3476
4190
10000
10000
3733
964
10000
10000
10000
10000
10000
17
10000
2316
10000
10000
10000
10000
10000
10000
116
2
1762
10000
1566
10000
6375
6
10000
3723
30
10000
727
10000
774
10000
10000
10000
10000
17
10000
10000
10000
129
10000
5311
10000
35
286
10000
10000
10000
10000
10000
10000
10000
10000
2147
10000
10000
10000
10000
1131
7
10000
10000
4006
4082
10000
10000
783
10000
10000
3
10000
10000
10000
10000
10000
10000
10000
10000
10000
99
10000
10000
10000
10000
10000
2384
10000
10000
10000
616
3593
274
3585
10000
10000
10000
10000
10000
185
10000
4
10000
1117
495
298
1975
10000
99
10000
254
10000
10000
10000
10000
1714
39
10000
4107
10000
10000
10000
10000
10000
10000
10000
10000
10000
372
29
10000
10000
21
696
2697
5195
10000
10000
1891
10000
10000
154
10000
10000
10000
10000
10000
220
241
10000
10000
10000
10000
10000
10000
10000
236
146
3165
5
10000
474
10000
869
10000
10000
550
10000
1284
3
10000
10000
10000
160
10000
10000
10000
7302
181
95
10000
10000
43
10000
10000
10000
10000
10000
10000
10000
10000
10000
59
10000
7768
882
10000
10000
10000
10000
10000
1159
10000
34
10000
4058
10000
10000
1186
10000
4233
121
3349
849
6655
10000
10000
10000
373
10000
1239
10000
3
10000
10000
8
10000
10000
10000
10000
10000
10000
28
10000
10000
10000
10000
10000
10000
10000
166
10000
1039
476
10000
10000
1098
10
10000
10000
10000
10000
2467
10000
10000
10000
24
10000
10000
10000
820
10000
10000
10000
15
10000
10000
10000
10000
10000
10000
10000
10000
10000
10000
10000
10000
10000
182
10000
1
10000
10000
10000
10000
10000
10000
10000
4906
10000
10000
10000
10000
10000
10000
6806
10000
10000
148
10000
10000
7066
10000
1326
10000
10000
8
15
878
2787
10000
10000
10000
71
186
10000
10000
10000
928
4
109
10000
10000
793
10000
144
10000
10000
2513
10000
8191
10000
3463
10000
1511
10000
10000
10000
10000
10000
10000
10000
920
6550
10000
10000
233
10000
19
6694
10000
10000
10000
10000
10000
10000
383
10000
36
41
538
10000
6116
1318
10000
10000
10000
393
10000
15
10000
10000
1
10000
10000
10000
25
10000
10000
10000
10000
10000
10000
10000
10000
10000
10000
10000
10000
10000
10000
446
10000
10000
10000
10000
210
19
10000
4171
10000
10000
10000
6106
10000
10000
117
10000
10000
10000
3
10000
10000
10000
10000
10000
10000
10000
10000
6356
10000
10000
2413
10000
10000
10000
10000
10000
10000
1016
10000
6158
10000
7116
10000
10000
10000
10000
10000
4031
10000
10000
216
10000
85
5216
4604
10000
243
10000
10000
1380
10000
10000
407
216
10000
10000
10000
74
4
10000
10000
10000
10000
724
10000
10000
10000
1200
6051
10000
10000
4
82
10000
10000
10000
10000
10000
10000
1052
10000
10000
10000
10000
10000
11
471
10000
306
10000
10000
10000
1473
10000
10000
10000
10000
10000
10000
10000
10000
10000
1425
10000
10000
141
10000
10000
10000
10000
10000
10000
5
729
10000
10000
2439
10000
10000
10000
10000
10000
352
10000
10000
10000
10000
10000
882
1312
10000
3643
10000
10000
10000
10000
2022
45
10000
10000
1816
10000
10000
10000
10000
11
10000
10000
10000
2663
25
1905
10000
10000
124
10000
53
56
10000
10000
10000
10000
10000
14
10000
10000
10000
10000
629
457
10000
10000
10000
10000
104
10000
292
10000
3574
10000
2337
10000
10000
10000
5
10000
183
71
10000
10000
10000
10000
7
1574
6
3
1940
1071
10000
1323
13
154
10000
10000
10000
28
10000
90
10000
10000
10000
169
10000
10000
10000
1720
4577
10000
10000
10000
10000
10000
109
10000
153
10000
10000
10
10000
10000
678
293
10000
149
10000
10000
2351
10000
10000
9699
10000
10000
10000
10000
1802
10000
10000
1182
10000
10000
10000
10000
10000
10000
135
10000
508
10000
10000
28
10000
298
10000
110
10000
10000
10000
10000
10000
10000
6958
4151
4
10000
10000
10000
63
552
555
10000
100
10000
1502
10000
10000
10000
2501
10000
10000
282
10000
64
10000
10000
10000
314
10000
10000
10000
25
4363
10000
10000
10000
10000
10000
10000
10000
34
5637
10000
10000
2595
27
24
10000
9
14
10000
10000
2098
10000
