16
3
10000
10000
10000
1
2
11
15
11
10000
10000
18
13
10000
10000
1
4
5
6
10000
1
1
54
10000
4
1
10000
7
3
5
2
435
10000
10000
10000
46
31
1
4
33
2
82
521
1
10000
2
4
10000
5
1
10
4
10000
1
10000
3
10000
10000
2
6
6
10000
11
6
1
10000
10000
13
1
10000
3
74
10000
469
10000
2
6
10000
30
10000
3
10000
10000
10000
10000
2
21
10000
2
4
7
1
10000
10000
10000
14
4
1
8
1
1
1
5
10000
2
10000
10000
10000
1
10000
7
15
44
1
77
4
10000
10000
6
10000
10000
207
10000
10000
1
10000
2
5
10000
1
10000
10000
14
8
3
3
2
1
11
2
10000
10000
1
1
31
5
2
1
10000
10000
26
1
1
17
1
31
1
6
10000
1
1
3
7
11
10000
82
10000
3
10000
10000
10000
2
6
10000
89
10000
3
76
13
4
10000
15
1
1
10000
1
10000
10
10000
1
4
10000
10000
117
10000
10000
20
4
10000
25
1
9
10000
7
4
1
10000
2
3
511
3
10000
8
1
10000
15
12
278
2
8
2
2
17
1
10000
6
3
266
42
1
5
6
1
276
4
28
1
10000
10000
10000
10000
10000
1
2
1
1
10000
1
2
1
1
10000
10000
1
25
939
10000
1
2
14
10000
10000
195
10000
4
3
1
10000
1
1
10000
2
445
4
10000
269
29
2
1
1
6
10000
2
10000
2
3
18
7
5
10
17
2
10000
8
1
10000
13
3
10000
10000
121
1
10000
10000
9
1
1
10000
17
1
10000
3
2
10000
10000
10000
14
2
10000
10000
10000
5
2
7
683
3
10000
13
2
1
6507
2
12
2
2
8
8
4
10000
7
43
8
21
10000
2
10000
4
10000
3
2
1
75
1
7
51
10000
1
195
3
10000
10000
77
1
1
2
251
4
3
3
7
10000
5
1
13
38
10000
6
13
10000
17
37
1
1
2
9
13
4
5
1
10000
10000
4
3
1
6
8
3
10000
1
1
10000
24
134
15
10000
10000
11
10000
6
1
1
10000
10000
31
2
2
10000
1
10000
31
4
10000
4
1
1
1
9
10000
10000
10000
5
8
10000
9
32
6
5
3
1
121
5
2
6
10000
1
1837
10000
10000
10000
10000
3
10000
3
2
3
6
10000
334
5
10000
1
1
10
12
10000
92
5
10000
10000
10000
9
10000
16
10000
10000
1
10000
10000
10000
1
12
17
2
10000
2
10000
14
10000
2
1
10000
5
2
40
10000
4
10000
10000
10000
10000
1
1
13
3
1
17
52
2
1
3
3
486
10000
7
2
1
1
10000
10000
11
10000
1
10000
10000
76
1
1
1
7
1
10000
5
10000
1
12
10000
4
10000
189
3
10000
176
10000
10000
10000
10000
10000
5
10000
1
10000
1
1493
4
10000
1
1
10000
10000
10000
8
4
10000
10000
10
33
2
1
3
8
1
5
4
19
17
10000
8
59
22
10000
2
3
1
2
6
10000
6
5
2
10000
1
10000
13
124
2
2
18
1
22
10000
10000
1
46
132
888
4297
10000
2
2
1
1
10000
10000
1
10000
37
1
10000
10000
1
4
247
10000
2
3
4
1
10000
48
10000
1
14
2
10000
2
2
10
1
10000
4
10000
7
1
4
1
10000
27
3
3
3
2
3
1
10000
5
10000
1
5
1
3
142
14
1
10000
8
7
3
2
10000
29
6
3
288
2
8
10000
10000
1
10000
10000
2
3
10000
4
10000
27
48
1
10000
31
237
1
3
10000
1
1
1
10000
29
10000
10000
10000
10000
1
3
10000
13
7
10000
7
7
5
1
10000
4648
2
76
10000
1
4
10000
10000
1
10000
10000
10000
129
10000
85
10
10000
16
10000
7
2
6
10000
20
4
1
3
3
10000
1
8
10000
10000
10000
10000
24
1
4
10000
2
10000
3
3
4
1
27
10000
1
1
10000
15
1
16
89
4
19
1
14
10000
2
10000
1
1
10000
10000
10
5
10000
40
4
10000
1
1
1
10000
4
10000
38
1
10000
2
10000
1
28
5
2
38
3
6
1
2
10000
10
1
1
10000
2
10000
1
1
1
1
4
4
10000
10000
1
897
2
1
1
2
1
5
6
10000
48
10000
8
2
10000
10000
5
2
4
10000
10000
1
10000
28
2
1
3
1
10000
11
1
11
10000
1
11
1
505
3
10000
1
3
3
10000
10000
4
1
8
1
10000
34
1
1
5
2
10000
53
13
10000
10000
10000
1
10000
1
1
10000
10000
10000
3
10000
14
367
10000
8
9
34
17
3
2
8
10000
2
4
10000
1
10000
10000
4
3
69
10000
7
5
10000
10000
2
10000
1
10000
10000
10000
99
506
1
81
10000
157
3
10000
3
4
1
3
1
10000
10000
1
10000
18
5
10000
1
8
801
2
3
13
5
5
10000
3
10000
3
10000
7
10000
1
5
368
1
5
10000
11
3
10000
10000
11
10000
1
1
1
10000
3
1
17
6
384
159
6
10000
6
10000
1
5
1
7
10000
1
32
20
18
10000
10000
10000
2
2
2
1
3
9
1
39
45
1
16
3
10000
10000
62
1
6
3
10000
3
10000
55
10000
1
1
10000
144
10000
7
10000
268
4
2
10000
1
2
10000
2
1
2
2
26
10000
1
1
3
81
37
4
10000
10000
1
10000
1
10
10000
1
1
10
1
1
5
250
10000
2
3
1
8
10000
10000
5
33
34
46
821
2
5
2
8
3
8
1
10000
10000
10000
19
10000
162
16
10000
1
1
2
10000
10000
63
10000
10
18
3
10000
6
10000
10000
2
8
2
74
36
10000
65
11
10000
10000
10000
10000
10000
63
9
3
10000
2
155
1
10000
40
32
1
10000
1
2
10000
18
6
2
725
4
10000
3
1
3
1
5
3
10000
1
10
10000
3
44
3
10000
2
10000
28
10000
1
16
2
10000
311
10000
10000
8
2
8
6
1
47
24
1
7
1
1
1
10000
37
243
2
10
1
414
46
10000
3
10000
15
5
2
10000
1
10000
2
2
1
233
8
10000
7
10000
10000
10000
10000
10000
10000
2
10000
9
10000
2
10000
8630
10000
10000
1053
60
10
5
1
1
1
340
10000
1
37
6
1
10000
1
1
11
2
5
1
1
10000
426
10000
1
61
3
1
9
1
51
7
11
9
1
1
10000
1
10000
1
5
10000
2
2
10000
10000
105
10000
3
10000
2
10000
10000
10000
282
1
10000
10000
2
4
170
16
2
10000
10000
10000
2
62
1
7
114
10000
10000
2
2
10000
6
2
2613
10000
10000
13
10000
1
4
10000
1
10000
1
10000
1
4
10000
10000
28
10000
4
1
1
28
2
3
2
23
10000
10000
10000
10000
68
3
12
9
30
1
1
10000
22
10000
1
4
10000
3
54
10000
2
10000
1
69
10000
1
10000
126
2
2
21
11
6
9
2
10000
2
1
10000
47
1
10000
3
1
13
1
10000
10000
10000
10000
8
8
5
7
10000
10000
1
2
10000
3
6
10000
10000
10000
1
10000
1
2702
12
2
10000
10000
20
10000
6
1
3
5
10000
10000
10
4
2
3
10000
50
1
10000
2
2
10000
5
172
10000
10000
2
1
10000
10000
10000
10000
10000
8
3
10000
2
10000
10000
1
4
24
141
7
6
1
10000
4
2
79
328
16
15
60
10000
10000
1
1
10000
1
293
2
11
10000
18
10000
1
1
27
1
36
1
10000
155
10000
3
10000
28
1
3
10000
10000
10000
1
2
10000
1
4
7
10000
10000
10000
3
10000
53
10000
15
33
10000
1
10000
10
10000
10000
10000
10000
3
5
2
10000
1
1
3
4
22
10
1
9
1
2
1
2
10000
7
10000
10000
1
10000
3
2
1
13
1817
31
10000
10000
1
4
10000
39
38
43
32
10000
7
3
11
10000
1
4
525
3
2
11
6
2
10000
5
10000
10000
1
10000
1
7
10000
10000
10000
45
10000
10000
4
24
7
1
2
10000
18
10
582
4
10000
385
10000
10000
27
10000
10000
10000
1
19
12
10000
1
28
2
1
10000
10000
10000
6
1
6
47
3
10000
1
10000
1
2
1
3
10000
10000
10000
10000
10000
10000
1
1
3
4
3
10000
4
5
1
16
2
1
2
4
10000
1
10000
10000
55
10000
11
23
10000
60
10000
3
2
6
10000
5
10
44
10000
10000
10000
1
6
10000
3
10000
10000
3
2
9
6
13
10000
10000
10000
7
1
28
10000
10000
10000
2
95
3
10000
2
10000
3
10000
10000
2
16
21
2
10000
3
1
94
3
1
302
7
1
4
3
12
4
3
13
10
1
1
2
1
18
10000
1
10000
22
85
1
3
147
1
5
2
1
2
1
2
10000
10000
2
17
10000
10000
1
10000
1
10000
10000
10000
9
188
1
9
2
3
1
2
10000
9
1
2
5
3
10000
18
10000
7
10000
10000
14
10000
1
10000
10000
10000
10000
2
1
123
1
2
10000
6
10000
6
10000
3
2
5
10000
2
1
10000
6
9
3
485
3
1
9
2
1
10000
11
2
2
10000
10000
2
10000
10000
26
16
3
1
10000
10
1
10000
10000
10000
1
78
10000
2
1
2
10000
1
3
8
10000
2
1
1
10000
10
53
53
1
10
134
10000
10000
126
1
8
125
16
2
10000
1
47
10000
10000
5
19
2
6
7810
165
10000
6
44
2
10000
10000
10000
7
30
1
10000
10000
10000
2
10000
1
1
2
20
10000
10000
11
15
1
10000
36
10000
10000
126
4
10000
10000
10000
6
5
6
1
4
3
2
10000
2
1
9
5
1
58
293
1
11
1
13
14
16
1
23
3
7
1
8
1
3756
1
3717
10000
22
10000
1
10000
3
1
513
5
2
7
10000
2
25
10000
1
5
3
1
2
10000
10000
21
1
6
2
10000
5
10000
10000
1
10000
10000
3
2
10000
3
1
1
10000
3
1
6
15
10000
10000
1
4
1
2
20
6
23
3
10000
10000
1
10
10000
25
1
6
1
10000
2
10000
5
20
225
10000
10000
10000
10000
3
4
10000
10000
4
17
6
10000
10000
22
1
9
10000
10000
10000
1
1
10000
113
2
5
3
10000
1
10000
1
5
2
10000
10000
4
10000
1243
15
1
1
1
12
1
40
11
35
1
1
3
19
10000
12
10000
89
10000
4
10000
3
42
1
7
10000
10000
94
9
10000
1
10000
3
10000
10000
10000
134
10000
261
2
4
10000
3
29
10000
10000
4
267
33
5
6
2
5
10000
3
2
4
10000
10000
10000
2
3
10000
8
7
1
2
21
1
10000
2
4
4
10000
10000
2
1
4
1
10000
10000
1
10000
15
10000
3
10000
10000
2
10000
1
1
272
1
10000
2
4
10000
166
1
10000
4
49
10000
11
10000
5
3
130
2
11
3
4
10000
1
4
10000
10000
424
10000
10000
1
22
2084
37
1
121
2
2
1
20
2
10000
1
23
3
2
4
1
7
1186
1
2
2
38
10000
10000
10000
2
198
2
418
10000
10000
6
10000
10000
40
1
10000
10000
65
10000
368
10000
2
10000
10000
3
4
1
1138
12
10000
10000
94
359
10000
55
1
10000
10000
10000
1
3
11
1
10000
20
2
10000
10000
88
10000
10000
10000
2648
2
1
10000
4
3
1
1
20
10000
3
6
146
7
1
2
6
10000
10000
10
10000
2
6
10000
10000
10000
9
10000
124
4
10000
39
10000
4
10000
2
10000
10000
10000
84
9
270
1
10000
10000
31
10000
10000
1
3
5
10000
10000
5
10000
10000
1
3
4368
10000
21
1
10000
10000
2
10
1
1
10000
10000
164
10000
4
10000
174
2
132
10000
6
29
15
5
1
443
2
12
1671
10000
10000
10000
10000
1
10000
1
3
1065
10
10000
3
4
1
10000
4
2
10000
10000
10000
10000
1
89
32
1
10000
6
10000
10000
10000
10000
4
10000
53
4
2
10000
1
94
1758
10000
10
10000
1
1
7
14
10000
2
13
2
10000
1
10000
10000
646
15
28
15
3
2
38
2
14
1
1
1
4
2
8
4
1
1
10000
10000
4
1
1
2
8
2
10000
10000
2
1
4
305
31
2
43
19
1
10000
20
10000
9
10000
14
10000
10000
10000
214
10000
1
10000
12
3
2
10000
6
5
1
8
15
4
10000
22
10000
2
160
10000
10000
10000
10000
18
1
10000
1
3
10000
10000
13
1
10000
10000
1
10000
2
2
1
10000
10000
1
2
7364
2
10000
10000
21
10000
10000
24
10000
10000
2
2
8
19
10000
10000
10000
10000
3
10000
2
25
10000
2
1
248
1
10000
10000
3865
88
2
2
6
10000
3
10000
23
37
1
1
1
10000
10000
25
10000
1
1
2
10000
317
10000
1
10000
18
2
1
4
53
5
10000
1
10000
10000
10000
10000
2
10000
10000
10000
10000
2
2
10000
18
10000
2
10000
1
4
65
10000
6
71
10000
10000
1
2
8
10000
12
10000
2
5
9
16
1
10000
7
92
54
5
90
6
2
10000
10000
7
4
10000
1
3
10000
10000
10000
1
4
5
1
9
13
51
89
10000
10000
10000
10000
10000
10000
10000
10000
9
1
5
1
10000
10000
13
2
1
10000
1
10000
14
1
2
10000
2
4
21
10000
10000
10000
6
2
10000
1
9
2
10000
10000
1
10000
1
1
20
2
10000
10000
10000
10000
10000
2
10000
1
2
10000
2
7
2
4
61
16
1
10000
17
1
10000
4
10
2
10000
10000
3
1
10000
1
10000
4283
2
63
1
226
514
10000
10000
10000
226
7
1
83
28
19
79
10000
1
11
10
163
1
3
1
10000
3
1
2
5
10000
9
10000
2
5
10000
25
29
33
2
10000
25
1
2
10000
12
10000
10000
1
1
1
2
5
3
4
175
15
10000
6
10000
1
10000
10000
7
3
10000
1
28
8
1
1
40
1
1
2
2141
1
5
10000
182
1
27
13
10000
2
1
1
10000
6
1
28
4
100
1
12
3
1
10000
1
10000
10000
17
1
25
5
53
10000
1
10000
10000
3
1
1361
10000
10000
10000
10000
10000
10000
13
1
1
10000
10000
1
3
10000
318
278
1
10000
26
1
6
10000
7
3
2
1
10000
1
10000
225
2
4
1
3
10000
1
10000
1
67
18
10000
12
2
5
10000
1
49
1
2
37
10000
7
1
5
10000
10000
10000
13
31
10000
24
10000
5
10000
10000
10000
2
10000
10000
4
1
10000
10000
10000
10000
1
10000
50
10000
10000
1
1
2
34
10000
10000
10000
10000
2
1
4
1
3
9
10000
10
5
10000
35
3
1
2
3
1894
10000
1
14
13
8
23
15
10000
10000
10000
10000
1
4
52
24
3
10000
3
10000
10000
10000
10000
7
5
10000
10000
2
4
10000
5
1
10000
8
6
1
22
10000
1
2
18
10000
10000
1
5
36
9
8175
1
257
3
2
1
10000
6
1
1
10000
5
10000
4
3
10000
10000
10000
10000
5
22
10000
2
1154
14
3
10000
6
3
1
10000
3
6
270
10000
2705
1
3
3
1
94
1
10000
9
10000
82
1
1
68
1
10000
10000
1
10000
14
118
10000
10000
6
10000
1
10000
10000
10000
1
2
186
10000
28
12
10000
30
2
2
10000
174
2
10000
10000
4
133
10000
2
9
7
10000
1
1
1
3
2
7
2
2
2
10000
1
7
10000
79
3
10000
231
5
5
2
2
107
10000
10000
10000
305
1
16
1
10000
17
4
34
7
1
2
1
1
10000
1
10000
10000
10000
8
22
3
1
18
10000
2
1
10000
3
15
8
10000
1035
1
3
185
43
2
10000
5
1
2
8
10000
134
10000
10000
10000
30
10000
10000
21
10000
10000
5
10000
32
1
1
1
1
4
1322
5
10000
10000
233
208
1
24
10000
14
2
10000
3
30
1
10000
334
10000
1
10000
26
392
152
1062
10000
1
3
10000
3
10000
49
7
5
10000
10000
5
3
1
5
10000
1
1
4
3
14
2
10000
2
1
10000
12
8
46
5
10000
10000
1
5
10000
14
10000
10000
10000
6
1
2
27
3
59
3
1
10000
2
12
10000
10000
2
1
10000
2
1
1
27
1
10000
10000
10000
10000
1
6
2
53
12
10000
1
2
23
2
2
10000
50
4
2
2
16
10000
2
6
2
184
1
10000
1
41
2
10000
1
9
4
10000
39
2
3821
1
7
4
10000
1
1
1
10000
67
1
55
1
2580
9
10000
10000
10000
2
2
4
1
9
1
10000
21
1
12
40
11
10000
6
10000
2
13
1
10000
11
13
9
10000
3
5
1
10000
10000
3
5
10000
5
9
4
10000
112
16
10000
10000
50
6
10000
3
10000
10000
10000
2
10000
2
6
10000
1
1
7
2
4
12
10000
1
1
35
1
5
1
16
10000
3
9
6
1
15
216
10000
10000
10000
5
10000
2
1
8
4
1
40
10000
92
15
1
1
10000
34
10000
10000
5
2
1
3
3
5
41
1
10000
10000
49
10000
1
1
3
10000
40
5
2
10000
8
20
10000
1
1
1
10000
3
10000
14
10000
4
2
2
6
14
14
3
16
10000
1
10000
1
2
10000
4
1
10000
12
1
10000
1
10000
10000
1
1
2
5
8
1
4
10000
4
1
1
10000
62
10000
3
10000
1
2
10000
2
3
3
3
17
10000
4
10000
1
10000
2
13
3
2
1
5
4
2
1
10000
2
4
1
10000
4
2
10000
10
16
3
3
10000
298
2
1
1
10000
4
10000
9
10000
97
4
10000
10000
108
5
3
6
10000
3
133
15
3
7
309
17
10000
10000
11
422
9
158
7
6
10000
10000
15
10000
10000
10000
3
10
33
7
9
27
10000
97
9
9
533
1
15
10000
41
5
10000
10000
10000
10000
10000
10000
1
1
10000
2
9
3
10000
1
10000
13
660
1
8
10000
9
10000
7
1
10000
1
10000
6
58
3
2
10000
2
10000
4
2
80
10000
26
5
10000
7
1
4
1
1
2
8
7
3
2
1
9
5
17
1
20
10000
3
8
10000
10000
1
2
4
2
10000
1
7
10000
3
10000
10000
910
2
10000
5
1
244
10000
10000
10000
21
7
12
2
2
2
3
11
10000
3
10000
1
10000
10000
10000
10000
1
10000
10000
4
1
1
1
10000
2
10000
10000
1
4
10000
1
4
8
10000
6
132
3
144
43
10000
6
5
10000
10000
19
5
1
10000
1
2
28
69
5
10000
10000
58
5
10000
6
10000
10000
2
90
10000
1
8
10000
3
10000
10000
1
4
10000
10000
10000
10000
1
10000
1
1
10000
1
14
3
1
3
10000
1
1
93
5
5
10000
2
10000
1
6
2
6
43
10000
54
18
1
13
1
1
13
10000
27
10000
1
4
2715
1
1
1
15
2
60
19
143
10000
10000
10000
4
9
22
4
5
72
10000
10000
45
10000
1
82
10000
1
4
10000
2
7
45
5
10000
4
1
4077
10000
1
34
10
4
3
3
2
1
12
10000
38
10000
10
1
17
1
6
10000
10000
48
3
3
6
4
1
14
43
1
10000
10000
4
22
1
1
10000
10000
2
4
1
1
10000
10000
10000
10000
10000
3
401
31
1
1
10000
1
2
1
10000
10000
4
1
10000
1
3
1
10000
1
21
2
4
1
10000
1
10000
20
1
1
1
10000
10000
1
10000
3
10000
17
10000
10000
10000
1
10000
10000
4
3
3
1
10000
7
3
10000
4
11
9
339
7
1
2
1
1
1
1
1
1
148
1
2
1
5
10000
10000
10000
10000
4
1
10000
2
9
2
500
1
3
1
39
2
10000
1
10000
1
31
10000
2
10000
1
1
10000
1
36
1
10000
5
58
2
2
10000
1
3
10000
41
1
14
205
377
10000
1
10000
2
10000
10000
1
4
1
1
1
1
2
1
1
2
2
2
10000
10000
1
5
1
10000
40
1
10000
10000
10000
3
8
630
2
262
10000
11
10000
1
10000
1
10000
10000
1
10000
10000
38
1
8
1
10000
10000
2
4
88
10000
3
271
1
10000
3
10000
1
48
2
1
77
21
1
10000
10000
1
7
5
4
10000
10000
1
8
10000
9
1
10000
2
1
20
21
1
4
10
2
2
1
10000
184
10000
2
14
10000
3
10000
10000
9
392
10000
27
10000
10000
5
10000
10000
1
10000
10000
82
1
106
1
10000
10
3
1
10000
10000
29
10000
10000
10000
10000
1
635
40
1
1
10000
2
168
12
3
1
10000
2
5
3
2
2
24
3
17
9
6
6
4
10000
10000
8
10000
10000
10000
2
43
10000
3
23
2452
2
10000
1
10000
237
10000
1
2
10000
8
162
1
10000
1
4
10000
1
2
2
4
1
10000
2
10000
11
10000
79
28
2
2
1
5
13
1
3
2
10000
10000
1
2
10000
1
10000
10000
115
10
8
10000
26
6
10000
10000
10000
6
10000
21
1
11
5
1
10000
19
10000
7
4
10000
10000
1
1
16
3
33
10000
10000
4
10000
40
1
158
1
11
3
7
10000
5
436
5
3
37
10000
10000
79
1
10000
1
18
10000
1
8
2
1
1
2
10000
181
9
4
1
7
10000
3
10000
10000
7
10000
6430
4
10000
10000
10000
1
14
10000
8
96
10
1
25
10000
10000
292
15
10000
7
10
204
52
10000
1550
2
10
10000
10000
2
6
1
2159
1
78
1555
10000
1
11
4
10
2
10000
10000
10000
15
2
3
1
10000
3
1
10000
3
10000
10000
2
4
1
10000
10000
2
11
1
10000
10000
3
10000
10000
1
2
11
115
10000
162
2
10000
10000
1
6
204
10000
2
11
10000
1
10000
1
1
10000
10000
6
3
12
1
17
1
10000
10000
10000
1
1
10000
1
10000
10000
10000
1
10000
147
1
12
10000
27
51
10000
10000
358
81
10000
1
2
2
10000
2
2
2
675
2
3
10000
26
2
1
45
5
1
37
10000
4
10000
10000
2
3
10000
3
19
10000
5
10000
1
1
4
10000
76
10000
10000
3
10000
1
1
1
18
10000
10000
10000
10000
2
15
1077
10000
4
30
27
2130
10000
22
1
1
10000
1
1
43
10000
51
10000
1
10000
2
1
1
10000
18
18
493
26
5
2
10000
10000
1
184
22
10
92
10000
10000
2
10000
13
2
33
10000
32
10000
1
2
10000
10000
10000
5
23
1
10000
2
10000
14
1
10000
10000
10000
1
3
10000
1
1
10000
10000
10
9
9
1
10000
6
1
10000
20
38
10000
2
2
10000
9
10000
5
13
11
17
9
10000
4
10000
1
10000
21
7
1
10
22
10
1
10000
165
1
10000
10000
4
10000
10000
10000
2
4
10000
27
6
1
10000
10000
10000
10000
1
10000
10000
1
22
10000
1
10000
23
10000
21
1
10000
2
1481
16
10000
21
1
133
1
11
4
3
412
2
10000
10000
10000
10000
10000
2
2
175
10000
10000
4
2
10000
5
4
14
10000
1
10000
10000
345
10000
2
5
7
3
6
2
4
970
10000
10000
10000
12
10000
1
1
2
1
19
1
3
2
1
10000
10000
10000
11
10000
10000
1
10000
10000
10000
31
2
10000
9
1
2
1
1594
3
1
3
10000
10000
2
10000
189
3
1
18
10000
3
10000
14
10000
3
23
1
28
10000
3
1421
10000
10000
3
2
10000
1
4
95
10000
1
38
20
1
5
9
20
3
1
10000
10000
10000
5
175
10000
5
1
10000
10000
11
15
1
1
38
1
1
214
1
10000
10000
7
5
1
1
4
133
39
10000
12
1
20
66
10000
10000
10000
4
2
1
10000
10000
2
2
1
10000
11
14
110
10000
10000
10000
1
5
45
1
1
1
10000
3
10000
26
4
4
8
1
10000
10000
67
1
4138
370
11
10000
5
10000
19
10000
1
1
10000
15
5
1
66
6
1
15
10000
10000
1
10000
10000
10000
5
10000
3
10000
10000
10000
1
10000
3
16
3
10000
31
10000
1
1
3
6
10000
1
10000
10000
10
17
10000
10000
1
2
10000
1
7
1
7
10000
10000
10000
8
1
10000
2
10000
1
1
10000
94
16
10000
6
1
11
9
1
2
16
10000
7
11
10000
7
10000
10000
10000
5
10000
10000
9
3
3
10000
10000
2
1
9
10000
140
1
8
10000
8
3
1
1
21
4
27
8
7
10000
10000
10000
2
2
10000
1
10000
2
10000
10000
7
8
1
1
2
10000
10000
1
3
2
5
7
31
1
2
10000
10000
3
10000
4
10000
1
3
12
5
1
14
1
22
181
1
418
10000
1
30
6
17
1
1
35
10000
1
10000
11
5
10000
5
247
10000
1
1
1
10000
10000
4
2
10000
1
10000
1
4
10000
5
3711
10000
1
10000
10000
1
5
10000
2
229
10000
14
1
24
13
20
7
20
10000
1
2
189
139
10000
1
5
10000
1
10000
10000
25
1
4
10000
5
10000
11
10000
7
10000
10000
2
10000
4
1
10000
10000
10000
10
1
4
14
10000
4
10000
21
10000
1
21
10000
2
10000
1
24
18
8
10000
10000
3
4
10000
1
10000
10000
1
10000
3
6
10000
10000
10000
2
2
1
18
1
1
7
12
1
1
1
1
28
3315
10000
2
2
10000
9
10000
10000
1
1
10000
10000
1
4
1
10000
2
36
10000
4
1
943
10000
10000
10000
10000
10000
4
5
1
10000
267
2
2
13
10000
2
1
1
10000
10000
2
6
2
1
18
10000
1591
10000
10000
1
10000
364
1722
2
7
2
10000
17
2
311
10
4
1
10000
1
10000
1
677
49
1
10000
1
1
27
2
11
17
3
2
10000
10000
24
1
10000
2
10000
10000
10000
1
1
1
71
1
10000
1
3748
2
1
10000
1677
3
10000
37
74
10000
64
43
1
4
10000
61
10000
10000
10000
2
2
3
3
14
2
10000
21
13
2
10000
10000
10000
26
10000
2
10000
1
10000
9
1
18
1
10000
10000
10000
5
2
10000
10000
251
10000
10000
2
29
10000
178
10000
1
10000
10000
1
1
41
2
7
2
5
2
5
2
2
10000
2
5
2
10000
1
4
10000
6
10000
10000
23
10000
2
6
1
3
1
4
20
1
10000
10000
3
10000
1
1
8
2
10000
10000
15
10000
10000
10000
10000
17
13
2
3
10
2
495
5
25
326
2
10000
3
1
3
10000
10000
8
3
10000
1
8
101
10000
1
10000
5
1
10000
10000
1
10000
21
1
10000
2
10000
10000
1
3
4
1
1
10000
10000
10000
10000
1
1
67
3
3
10000
10000
56
2
10000
28
10000
10000
2
7
18
2
2
10000
5
6
4
10000
10000
3
20
1
4
10000
8
1
38
1
10000
10000
2
91
1
10000
10000
93
1
3
4
19
22
7
31
10000
63
4
10000
1
10000
1
11
1
2
10
65
2
10000
71
10000
23
3
10000
3
10000
22
10000
49
2
2
2
10000
1
1
23
1
11
40
1
3
10000
1
1
10000
10000
10000
5
1
36
10000
8
1
2
10000
1
1
8
18
10000
10000
10000
2
12
1
9
10000
10
4041
10000
11
10000
1
4
11
22
10000
8
10000
35
1
10000
14
10000
10000
10000
2
5
10000
1
2
2
10000
80
10000
9
2
10000
10000
10000
7
2
1
11
10000
2
2
10000
20
126
1
1
1
5
1
10000
10000
10000
3
10000
10000
10000
1
10000
1
4
30
103
109
13
258
1
44
1
10000
78
10000
1
3
3
89
6
2
1
4
10000
1
1
10000
10000
10000
10000
3
10000
10000
10000
3
11
7
10000
68
10000
10000
7
1
1
31
1
10000
10000
10000
1
10000
21
10000
61
12
10000
2
43
83
9
44
5
2832
1
1
43
10000
175
2
1
15
13
11
1
10000
3
10000
2
2
10000
2
10000
2
220
2
1
1
10000
1
1
209
10000
10000
10000
2
10000
6
1
2
1803
961
10000
2
10000
10
10000
16
1
1732
10000
7
10000
3
2
23
4
26
3
10000
10000
10000
1
110
10000
10000
2
1
10000
3
513
10000
14
10000
10000
10000
3
70
3
10000
10000
10000
10000
10000
1
60
2
17
10000
1
150
14
10000
1
1
238
14
22
5
3
12
1
10000
11
10000
9
4746
10000
10000
279
1
10000
10000
1
10000
10000
2
329
5
10000
1
1
582
1
10000
2
35
1
3
10000
1
4
1
10000
10000
10000
10000
4
4
10000
1
10000
10000
92
8
10000
8
20
2
88
80
7
35
10000
1
3
1
22
1
48
10000
6
2
13
48
10000
3
10000
1
13
3
10000
10000
2
51
10000
10000
10000
8
4
4
10000
10000
33
5
10000
10000
8
10
10000
1
2
10000
10000
10000
10000
10000
22
1
5
292
7
30
15
10000
10000
3
1
10000
10000
10000
10000
2
13
10000
10000
10000
10000
1
10000
1
1
10
10000
10
4
10000
10000
109
1632
49
118
1
10000
556
9
10000
2
2
2
10000
10000
4
16
5
25
4
3
4
10000
1
33
10000
722
10000
4
10000
44
13
1
10000
7
10000
10000
10000
139
19
3
9
3
1
14
6
20
10000
2
1
10000
4
1
1
1
5
2
28
26
5
6
3
1
10000
4
10000
358
8
5
3
1
5
1
3
2
3
1
10000
1
12
2
38
10000
183
1
10000
1
10000
6
1
1
7
10000
10000
2
2
25
10000
10000
3
10000
1
2
3
342
33
5
1
2
1
2
3
1
10000
4
10000
10000
1
2
1
4
3
3
1
10000
1
10000
3
2
1
10
1
10000
10000
5
10000
10000
625
20
1
10000
10000
64
5
10000
10000
2
385
6
10000
10000
2
10000
10
85
7
12
5
4
2
10000
10000
10000
10000
129
1
3
221
5
10000
6
10000
2
10000
55
2
312
3
10000
87
3
10000
10000
6
4
16
16
5175
10000
19
66
2
6
10000
1
1
10000
14
10000
10000
5
4
7
1
10000
5
85
34
10000
10000
1
1
10000
10000
1
10
10000
10000
10000
1
10000
2
1
6
1
10000
10000
87
4
1
11
4
3
1
1
62
1
1
4
10000
2
10000
44
65
3
1
1
7
10000
10000
10000
10000
1
10000
1
2
2
10000
10000
10000
3
10000
10000
10000
1
66
10000
2
22
10000
7
5
2
5
10000
10000
10000
10000
3
4
8
10000
10000
3
8
2
4
10000
8
10000
2
10000
8
5
10000
1
1
1
1
10000
1
18
10000
10000
2
4
10000
10
7
2
10000
1
505
10000
1
40
10000
17
4
77
2
10
10000
3
10000
10000
16
16
10000
2
2
10000
22
1
1
10000
10000
10000
10000
10000
10000
10000
3
10000
66
2
10000
5
364
3
4
9
8
4
10000
9
1
10000
15
4
10000
123
2
10000
10000
11
5
17
1
1
10000
7
4
103
2
10000
10000
10000
4
21
10000
1
1
1
5
8
10000
10000
4
10000
3
2
3
10000
10000
1
2
10000
10000
10000
1
7
607
28
19
1
30
1
10000
5
23
41
7
10000
14
3
10000
51
10000
10000
2
1
10000
12
4
105
14
1
1
10000
22
10000
5
1
10000
10000
10000
1
10000
2
10000
1
2
3
10000
10000
10000
10000
1
1
1
10000
2
1
10000
10000
4
1
10000
10000
12
16
10000
6
94
6
280
10000
1
2
10000
2
10000
13
61
9
23
10000
6
2
1
205
5
10000
3
1
9
48
13
1
4
81
10000
10000
1
312
10000
1
10000
1
10000
1
1
10000
79
10000
2
10000
10000
6
2
6
21
7
51
17
10000
3
10000
2
2
1
10000
10000
1
1
2
10000
1
3
10000
4
1
10
10000
6
5
1471
44
329
2
10000
1
4
2
10000
4
10000
17
10000
10000
37
1
6
10000
3
3
1
10000
4
10000
3
5
3
3797
6
10000
5
3
10000
19
3
10000
10000
8961
19
10000
10000
8
1
2
5
13
7
1
2
10000
1853
10000
10000
10
10000
174
10000
1
1
2
10000
123
1
4
1
10000
10000
3
1
13
1
8
57
1
402
2
2
3432
10000
10000
11
1
1
7
1
10000
10000
10
10000
3
1
1
2
10000
2
1
1519
153
10000
3
1
4
10000
113
16
5
1158
10000
10000
176
7
1
1
267
9
4
3
4
24
4
1
1
1
10000
20
10000
49
10000
10000
9
114
2
10000
6
11
2
194
1
35
6
3
4
30
1
10000
1
9
10000
10000
8
1
10000
10000
2
7
10000
1
10000
3
10000
10000
2
10000
2
1
1
10000
11
2
10000
1
10000
10000
6
5
2
1
3
31
10000
10000
1
1
3
10000
2
3
13
13
1
9
6
10000
10000
10000
1
1
9
6
10000
1
3
2
7
3
1
10000
4
10000
10000
17
5
1
10000
28
10000
1
5
2
14
4
10000
3
5
9
10000
6
13
2
7
7
2
8
5
1
10000
248
1
1
1
10000
10000
15
5
10000
10000
2
10000
1
3
10000
13
1
7
82
82
2
10000
10000
1
10000
22
8
1
4
2
10000
51
10000
3
9
16
1
143
10000
175
2
10000
10000
74
10
11
10000
10000
1
229
14
10000
2
1
3
10000
1
38
3
1
1
3
1
1
17
10000
2
3
1
260
10000
10000
4
1
10000
16
10
10000
10000
3
1
10000
63
2
10000
10000
1
20
10000
1
11
10000
5
10000
6
10000
10000
10000
22
10000
1
10000
1
1259
10000
10000
30
1037
10000
7
13
10000
5
1
10000
10000
10000
10000
1
10000
39
10000
39
4
1
10000
10000
2
122
8
3
3
9
1
30
8
10000
20
3
32
8
3
15
10000
5
176
17
10000
5
1
10000
10000
7
10000
10000
29
4
6
3
8
14
32
10000
10000
2
3
1942
33
2
1
10000
6
3
10000
10000
1
61
11
16
480
6
182
7
430
1
23
10000
10000
4
10000
5
7
2
10000
10000
10000
21
10000
389
307
10000
10000
4
10000
1
6
21
2
6
10000
1
16
10000
1
286
4
68
10000
4
16
4
18
10000
10000
3
13
4
361
10000
2
11
13
2
10000
1
1
11
2
15
2
1
11
10000
128
10000
10000
13
10000
2
5
13
2
10000
1
15
1
1
10000
2
837
10000
1
1
2
275
3
23
4
10000
22
1
10000
10000
52
8
1
10000
10000
2
9
1
10000
6
1
10000
31
25
10000
3
1
10000
2
2
2
117
10000
1
149
10000
10000
10000
5
10000
10000
3
10000
8
168
10000
8
40
66
4
10000
430
10000
10000
15
6
10000
2
13
16
3
1
5
10000
10000
11
10000
2
33
1
1
51
231
10000
10000
4
10000
10000
10000
10000
10000
10000
10000
1
10000
2
14
1
1
21
10000
10000
1
2
10000
1
10000
87
1
2
20
4
10000
2
3
2
21
2
2
1
10000
6
342
1
10000
11
14
10000
10000
1
992
3
138
1
10000
2
10000
10000
28
2
6
10000
7
8
275
1
10
6
48
1
187
51
4
26
1
1
8
6
10000
2
6
8
10000
10000
1
1
10000
59
2
10000
1
2
3
10000
10000
4
2
2
1
11
12
1
7
77
10000
4
10000
680
1
2
1
10000
2
1
1
10000
2
10000
2
10000
3
10000
18
34
3
10000
10000
30
10000
1
5
62
1
2
5
10000
6
7
3
10000
5
27
1
13
7
1
10
1
102
10000
10000
1
1
3
138
10000
10000
4
2
23
10000
4
5
10000
10000
3
1
10000
1
10000
6
10000
9
16
8
7
10000
3
10000
10000
4
22
3
10000
10000
2
6
1
10000
2
2
1
1
5
2
8
135
1
7
1
7
38
10000
1
10000
4
10000
10000
9
2
10000
26
10000
7
608
20
10000
7
10000
10000
4
10000
25
1
10000
1
4
1
10000
350
1
10000
1
1
4
16
32
25
10000
1
4
1
5
2
5
2
269
10000
10000
1
10
5
10000
1
197
5
10000
1
10000
10000
10000
1
10000
51
2
10000
561
3
9
10000
10000
45
1
10000
2740
1
18
2
10000
4
10000
12
1
10000
1
174
10000
1
10000
10000
10000
4
10000
10000
3
10000
12
10000
10000
10000
5
1
10000
10000
23
1
10000
10000
1
19
3
23
2
10000
31
2
1
1
10000
3
3
10000
9
10000
10000
1
270
10000
4
16
10000
6
1
10000
2
26
10000
1
1
10000
12
10000
10000
1
3
10000
10000
1
51
1
10000
10000
1691
10000
10000
120
4
10000
1
20
1
3
10000
10000
10000
2
32
10000
1
2
10000
46
10000
10000
10000
10000
1
25
17
86
10000
1
10000
30
4
5
10000
2
4
10000
10000
39
431
2
586
15
8
8
1
16
1
1
10000
10000
50
1
10000
2
10000
10000
4
10000
46
1
10000
4
2
2
10000
10000
6
10000
5
6
4
10000
10000
5
4
10000
43
2
1
82
10000
1
10000
1
2
14
4
2
94
139
39
10000
1
67
5
2
4
10000
3
10000
26
10000
1
10000
1
4
28
7
2
10000
3
9
10000
10000
10000
10000
1
1
10000
10000
10000
19
10000
10000
3
10000
10000
1509
2
1
2
30
5
9
47
2
183
1
10000
1
143
40
10000
3
5
5
1
10000
10000
1
224
10000
2
10000
1
10000
1
10000
13
3
52
10000
18
16
3
1
2
10000
10000
10000
41
10000
4
1
3
10000
10000
9
10000
10000
55
10000
10000
2
1
2
8
1
5
1
6
4
24
1
10000
10000
4
1
10000
1
5
13
4
10000
10000
1
34
1
9
7
1
1
2
10000
10000
1
10000
1
10000
10000
2
10000
2
2
1
298
23
7
1
10000
6
1
2
2557
23
39
1
1
2
683
71
40
4
10000
1
8
4
6
4
1
10000
10000
5
191
5
1
10000
10000
9
2
10000
2
2
10000
10000
5
16
3
10000
1
3
2
8
9
10000
4315
10000
27
11
5
5
1
6
1047
6
12
12
10000
9
20
7
10000
358
10000
19
10000
10000
1
1058
1
10000
15
3
4
3
10000
10000
6
20
1
1
4
2
10000
1
2
2
9
3
10000
238
6
10000
34
10000
23
1
3
10000
13
11
10000
5
2
10000
789
27
1
1
275
2
13
10000
1
11
2
128
1
1
10000
19
1
10000
1
10000
10000
1359
10000
115
2
10000
1
4
1
1
1
10000
8
10000
60
9
10000
24
1
10000
1
10000
10000
6
5
2
9
10000
1
10000
10000
10000
4
1
1
1
1
4
1
10000
3
4
1
1
2
10000
10000
1
2
8
1
45
10000
324
6
16
1
2
79
10000
10000
10000
10000
10000
10000
10000
14
4
10000
10000
3
10000
10000
10000
7
10000
10000
10000
276
10000
10000
1
10000
10000
1
10000
10000
1
10000
1
10000
10000
10000
1
2
5
10000
10000
10000
12
5
837
10000
10000
1
10000
32
10000
10000
10000
10000
10000
10000
1
2
35
3
3
66
10000
10000
1
7
1
2
2
10000
11
5
10000
10000
1
10000
8
36
10000
23
1
1
6
2
10000
1
3
1
10000
10000
4
10000
3
1
10000
10000
6
1
1
78
11
23
2
2
2
7
9
10000
10000
1
4
10000
1
17
37
10000
10000
10000
6
1
85
2
10000
9
10000
1
1
1
5
1
54
10000
10000
10000
4
78
10000
1
277
17
1
10000
10000
1
10000
2
1
3
10000
10000
4
7
406
10000
2
1
31
1
1
10000
12
60
96
3
10000
10000
53
10000
5
10000
7
10000
4
10000
65
10000
10000
1
10000
10000
10000
10000
10000
204
5
10000
18
96
14
30
93
1
2
1
3
3
10000
4
2
1
10000
1
10000
1
1
10000
1
1
171
10000
10000
1
4
1
3
3
26
1
10000
279
1
14
10000
8
459
10000
1
2
10000
1
10000
5
4
10000
10000
532
8
10000
49
1
10000
49
1
479
1
1
2
1
10000
10000
10000
10000
1
791
1
2
6
16
10000
59
11
37
1
10000
10000
2
23
10000
22
15
6
17
1
10000
2
1
18
9
10000
10000
1
10000
1
10000
2
11
2
10000
9
128
10000
10000
1
1
10000
10000
2
10000
27
2
10000
3
10000
43
10000
44
10000
1
1499
7
3
2
10000
5
1
1
10000
17
5
1
6
2
3
10000
1
1200
1
10000
1
21
5
3
10000
4
10000
61
10000
10000
3
10000
10000
1
10000
14
3
2
10000
1
81
5
1
14
14
10000
71
12
32
1
7
2
1
10000
1
1
8
16
1
1
25
10000
10000
4129
10000
19
19
204
19
19
10000
985
1
10000
10000
1
10000
10000
29
3
1
1
2
4
6
10000
1
9
8
1
10000
4
10000
10000
10000
14
24
32
1
10000
3
10000
4
1
1
10000
24
3
4
11
2
15
10000
2
10000
3
3
43
2
1
20
9246
10000
10000
10000
9
43
2
10000
4
2506
1
8
10000
10000
10000
90
2
218
5
4
1
10000
17
1
1
1
10000
4
10000
1
10000
7
1
7
1
1
10000
122
1
3
1
1
1
11
1
10000
9
1
2
4
47
10000
10000
5
10000
10000
1
18
1
4
1
2
2
10000
10000
10000
2
10
10000
136
18
5
1
10000
9
10000
2
10000
10000
9
10000
10000
10000
6
8
9
1
10000
1
10000
1
2
1
10000
1
10000
44
3
2
35
19
22
10000
1
10000
2
2
4
10000
10000
2
24
56
7
10000
1
15
10000
20
1
10000
1
133
3
16
12
10000
10000
17
2
1
10000
2
2
3
2
10000
1
83
10000
10000
10000
3
1
10000
7
4
5
943
15
2
281
10000
12
2
24
23
1
2
7
7
10000
1
3
10000
22
1
10000
2
8
10000
2
9
10000
2
10000
8
8
10000
7
2
1
10000
5
10000
19
10000
3
11
3
1
1
1
10000
1
13
10000
3
10000
1
77
8
4
10000
8
10000
10000
7
4
1
4
1
17
28
113
10000
1
13
3
17
1
1
10000
7
10000
3
1
10000
10000
10000
10
5
10000
2
10000
28
2
14
10000
15
12
10000
10000
3
1
10000
10000
224
3
2
10000
337
7
1
131
2
10000
13
2
10000
109
10000
3
1
4
2
30
1
1
3
66
2
10000
1
2
10000
20
9
25
1
1
1
2
10000
10000
10000
1
10000
1
1
10000
56
2
31
5
12
2
32
8
3
4
5
10
9
10000
10000
10000
10000
3747
135
1
84
1
19
10000
2
75
55
10000
62
10000
2
1
30
1194
3
1
2
10000
1
15
10000
10000
10000
10000
6
11
1
3
1
4
41
10000
2
8
1
10000
1
10000
1
10000
39
1832
10
10000
1
15
10000
10000
1
10000
2
10000
8
10000
1
10000
1
2
2
10
3
10000
10000
569
10000
25
1
1
102
1
4
20
1
10000
1
6
10000
10000
551
3
11
10000
82
64
1
10000
10000
1
106
10000
1
10000
81
2
8
10000
3
53
4
2
3
1
5
7
10000
10000
10000
1
4
4
9
148
9
10000
39
40
10000
10000
16
81
2
1
3
1
10000
24
280
3
79
43
2
8
1
10000
12
22
3
179
125
4
2
10000
10000
35
24
10000
479
960
1
10000
10000
10000
10000
80
1
10000
5
1
10000
2
1
1
1
32
10000
10000
1
10000
2
2
10000
7
16
10000
2
10000
3
56
5
2
10000
10000
2
51
18
3
4
1
10000
10000
10000
30
1
2
10000
2
3
10000
10000
3
3
1
4
1
1
8
10000
12
10000
2
10000
22
10000
1
2
10000
3
4
1
1
18
10000
1
23
1
10000
10000
2
2
1
10000
1
10000
10000
19
10000
10000
1473
10000
11
1
26
5
1
10000
1
1
1
10000
3
3
1
81
1
10000
10000
11
10000
1
10000
10000
67
10000
10000
6
10000
26
1
2
10000
10000
10000
10000
10000
10000
26
3
36
10
1
5
10000
10000
1
23
10000
11
1
1
10000
294
2
10000
1
1
7
5
10000
3
10000
3
5
6
4
2
8
1
9
3
10000
10000
39
1
1
2
3
1
11
21
10000
10000
3
10000
10000
1
10000
23
10000
74
10000
116
2
2
17
15
10000
1
10000
2
4
14
10000
4
10000
10000
3
10000
10000
5
4
10000
2
3
4
10000
10000
2
8
1
10000
1
4
59
10000
1
10000
1
46
244
10000
10000
10000
10000
1
19
10000
1
4
10000
10000
10000
1
5
7
2
10000
3
3
21
1
1
10000
10000
3
153
10000
10000
12
10000
10000
1
1
1
7
10000
1
7
3
223
8
1
1
10000
10000
10000
2
10000
84
33
10000
10000
1
1
10000
3
2
2
10000
5
59
1
3
10000
2
10000
3
1
2
10000
10000
238
13
3
9
10000
1
1
69
6
2
2
30
10
6
8
2
1
10000
28
23
10000
10000
4
962
1
1
10000
10000
10000
10000
11
1
1
10000
10000
2
10000
7
1
21
1
10000
7
10000
11
10000
16
2
74
15
10000
10000
1
12
10000
10000
10000
10000
4
8
7
10000
10000
13
16
17
10000
10000
3
10000
1
10000
697
17
5
3
10000
10
10000
24
4
1
18
10000
10000
1
35
183
13
10000
10000
10000
10000
1
10000
10000
1
1
10000
10000
53
11
98
1
1
1
2
1
7
10000
5
10
3
10000
1
1
10000
10000
10000
5
838
10000
1
10000
10000
10000
36
2
4
61
10000
2
10000
3
10
2
1
61
3
833
9
10000
1
1
1
2
10000
1
10000
1
12
5
9
10000
30
17
10000
1
25
1
1
1
10000
1
33
10000
2
1
37
2
10000
10000
10000
10000
1
1
10000
4
107
346
1
10000
10000
5
2
10000
1
1925
6
9
1
12
10000
1
10000
1
17
10000
21
5
2
4
369
18
10000
3
2
4
8
1
6
10000
1
5
10000
536
25
10000
6
40
10000
10000
2
4
1
1
1
10000
26
1
10000
2
10
1
1
42
2
10000
36
5
10000
10000
331
44
230
10000
2
1
10000
52
8
10000
10000
2
10000
2
4
2
85
3
27
5
4
7
4
10000
10000
1
4
138
1
2
3
10000
11
10000
11
78
19
6
14
3
10000
10000
5
1
2
10000
2
25
10000
10000
7
1
1
10000
25
1
1
45
65
103
10000
335
20
3
4
1
1
1
6
69
1
8
10000
10000
26
1
10000
1
1
10000
10000
22
10000
5
10000
11
854
10000
10000
53
7
227
10000
1
9
10000
10000
16
10000
10000
1
10000
2
38
150
6
10000
1
25
1
3
1
120
333
35
1
10000
1
18
10000
52
10000
8
1
1
1
30
1
10000
48
3
4
17
1
1
2
6
2
1
2
10000
763
14
1
6
1
110
3
2
10000
3
12
7
3
10000
2
10000
10000
10000
43
10000
1
12
5
1
10000
10000
1
1
15
1
10000
10000
2
10000
14
10000
45
42
3
6
11
10000
119
10000
10000
10000
2
10000
4
10000
2
6
4
10000
2
10000
1
1
1
1
1
2
10000
5
3
67
17
10000
1
4
10000
9
10000
10000
2
10000
3
2
112
1
10000
59
2
1
15
6
3
63
2
10000
7
3
1
593
4
1
2
1
10000
2
10000
10000
10000
181
21
2
10000
1
187
31
172
9
10000
2
10000
2
1
1
2
10000
10000
10000
2
1
1
3
10000
4
6
1
131
3
10000
10000
5
10000
16
10000
10000
10000
10000
1
1
1
1
68
10000
71
2
10000
1
2
3
10000
1
2
4
328
3
1
28
2
10000
10000
10000
10000
5
10000
4
4
10000
10000
10000
6
2
10000
10000
10000
2
10000
1
14
7
22
1
217
10000
15
6
1
10000
10000
1
1
1
10000
10000
1
8
1
6
5
10000
10000
1
10000
5
5
2
1
10000
1
20
1
10000
5
2
11
2
23
27
79
7
1
1
10000
4
10000
10000
7
10000
1
1
10000
10000
1
10000
15
2740
10000
10000
2
6
10000
10000
10000
10000
54
10000
10000
343
58
2
10000
10000
1
9
2
10000
36
10000
10000
7
2
10000
34
19
22
25
60
10000
18
7
11
51
1
4
1
10000
1
2
10000
10000
10000
10000
10000
75
10000
11
10000
1
2
10
5
5
12
4
10000
32
1
10000
1
10000
10000
1
1
12
166
10000
7
48
10
1
10000
10000
4
10000
1
10000
10000
10000
119
1
4
10000
10000
10000
10
10000
10000
10000
10000
3
11
10000
46
10000
10000
1
10000
2
661
3
2
2
10000
6
10000
16
6
10000
10000
1
6
10000
1
1
10000
5
9
1
14
28
1
3
10000
3
3123
10000
4
10000
8
13
1
42
10000
10000
32
3645
3
1
8
45
6
4
1
10000
10000
5
10000
5
10000
1
1
2
5
1
3
10000
1
12
1
10000
3
2
4
10000
6
10000
1
2
4
10000
99
10000
7
198
10000
1
4
1
1
10000
1
1
68
1
4
219
3
2
10000
10000
10000
1
11
10000
10000
3
34
10000
10000
1
10
1
10000
1
5
8
10000
4
48
10000
10000
1
10000
1
1721
4
2
10000
10000
6
10000
1
5
1
10000
1
3
2
2
1
25
1
10000
10000
1
57
10000
10000
4
4
4
1
19
10000
3
13
1
2
2
10000
87
10000
10000
4
2
1
1
1
3
20
1
1
1
4
2
10
6
10000
3
93
10000
10000
222
10
35
10000
16
10000
10000
2
10000
10000
2
1
1
1
10000
10000
2
21
33
10000
191
10000
4
108
10
3
1
90
10000
7
1
10000
97
1
7
2
1
10000
62
10000
10000
4
10000
113
10000
10000
57
5
10000
2
10000
10000
10000
10000
10
10000
2
4
10000
3
10000
10000
10000
13
1
10000
15
3
1
10000
10000
2
36
10000
5
3
2
1
2
11
10000
10000
10000
2
8
5
36
10000
1
2
261
107
18
1
13
985
5
10000
6
21
2
10000
1
32
12
5
1
1
1
9
17
101
195
3
6
8
7
1
102
2
10000
4
4
1
46
6
4031
2
4
5
10000
10000
10000
61
7
17
1
10000
10000
6
1
1
2
3
1
10000
8
10
1
19
18
10000
147
1
10000
10000
2
2
3
3
4
1
1
2
4
59
10000
10000
1
10000
37
34
2
3
10000
19
10000
10000
1
1
10000
4
10000
12
10000
8
10
10000
1
10000
10000
10000
8350
1
3
2
11
10000
1
10000
5
10000
3
10000
3
7
1
1233
5
4
1
1
10000
2
4
1
10000
12
10000
10000
6
10000
10000
5
1
10000
2
5
1
10
18
81
871
10000
10
15
5
1
1
10000
10000
16
23
1
10
6
4
10000
1
1
93
1
3
1
1
10000
19
10000
1
1
10000
1
1
10000
10000
10000
10000
2
3
10000
10000
2
3
1
2
1
10000
10000
61
5
714
10000
1
10000
656
9
9
1
10000
21
10000
1
27
3
7
1
98
10000
4
10000
82
10000
7
2127
59
69
1
11
6
1
10000
10000
1
21
153
4
10000
10000
10000
1
12
1
2
3
2
1
19
1
13
2
1
683
5
4
4
38
15
10000
10000
1
1
1
7
2
10
10000
10000
6
4
1
1
3
10000
10000
10000
10000
14
9
10000
11
10000
2
10000
3
10000
10000
10000
1
10000
21
10000
3
1
10000
39
2
10000
143
10000
2
10000
1
1
337
13
1
4
6
10000
3
53
10000
1
10
118
2
10000
247
35
10000
7
1
10000
28
7
10000
4
10000
137
10000
17
1
1
2
2
5
2
2
11
10000
10000
2
10000
1
302
10000
10000
1
10000
10000
1
2
10000
18
2
10000
5
1
3
9
10000
2
22
1
9
428
10000
2
1
2
10000
10000
1
27
8
13
28
10000
10000
1
112
27
10000
10000
25
24
56
1
